DY
163
28
attr1;attr2;attr3;attr4;attr5;attr6;attr7;attr8;attr9;attr10;attr11;attr12;attr13;attr14;attr15;attr16;attr17;attr18;attr19;attr20;attr21;attr22;attr23;attr24;attr25;attr26;attr27;attr28;
1 (1).jpg;5064.3975;198762.0;180209.11;121184.71;158685.14;169352.47;131119.34;162740.64;152209.73;138846.92;138846.92;152209.73;162740.64;131119.34;169352.47;158685.14;121184.71;180209.11;198762.0;5064.3975;816106.3;83175.53;49190.695;43576.18;3123.728;671.903;172.88896;74.13209;8.0
1 (10).jpg;269634.56;280895.62;281897.56;282631.16;282956.88;284228.2;282729.75;280485.75;278767.97;277161.2;277161.2;278767.97;280485.75;282729.75;284228.2;282956.88;282631.16;281897.56;280895.62;269634.56;761253.0;110173.09;95005.73;67649.7;4497.394;1243.2211;220.86224;70.572586;1.0
1 (100).jpg;126173.48;90175.266;108019.32;132038.28;132467.9;120406.6;114383.69;115997.27;119846.06;120785.266;120785.266;119846.06;115997.27;114383.69;120406.6;132467.9;132038.28;108019.32;90175.266;126173.48;427169.62;52548.844;28890.865;18607.8;2005.0402;418.054;201.94145;86.97256;2.0
1 (101).jpg;173030.8;180459.03;203575.05;222571.25;222072.86;210307.47;205662.83;206907.5;211635.28;210705.89;210705.89;211635.28;206907.5;205662.83;210307.47;222072.86;222571.25;203575.05;180459.03;173030.8;857708.06;97598.805;60198.855;46182.83;5057.215;1055.1667;190.2781;83.72051;2.0
1 (102).jpg;195884.06;316589.84;244244.86;284675.88;251264.45;277954.44;264001.47;251155.14;278402.0;245885.83;245885.83;278402.0;251155.14;264001.47;277954.44;251264.45;284675.88;244244.86;316589.84;195884.06;665769.2;85408.52;53605.25;32551.88;1861.2205;264.17874;225.94777;51.671623;3.0
1 (103).jpg;191837.0;221399.25;270704.3;263883.75;228952.83;229924.92;262332.78;238077.72;241527.56;234167.23;234167.23;241527.56;238077.72;262332.78;229924.92;228952.83;263883.75;270704.3;221399.25;191837.0;627798.94;88319.62;54145.484;35294.13;2086.241;619.30786;225.98222;45.846737;3.0
1 (104).jpg;315385.56;311855.03;317469.97;320768.16;318459.38;319404.94;317993.16;315705.03;311835.8;308883.0;308883.0;311835.8;315705.03;317993.16;319404.94;318459.38;320768.16;317469.97;311855.03;315385.56;653806.5;80171.305;47616.5;33146.887;1733.4227;181.80261;237.5879;53.04741;4.0
1 (105).jpg;329299.38;299866.16;291967.47;302334.88;315491.47;314859.34;303822.62;296420.0;296769.4;300435.2;300435.2;296769.4;296420.0;303822.62;314859.34;315491.47;302334.88;291967.47;299866.16;329299.38;757731.75;114398.58;66241.65;48417.457;2370.9373;507.17755;228.88235;68.901146;4.0
1 (106).jpg;301862.1;301853.28;329188.4;315936.03;308593.9;317054.28;310060.03;306528.38;312508.1;304449.7;304449.7;312508.1;306528.38;310060.03;317054.28;308593.9;315936.03;329188.4;301853.28;301862.1;629890.2;88064.984;54121.766;32871.832;1491.0902;153.23566;236.79393;51.86411;4.0
1 (107).jpg;85778.54;275434.6;177264.33;209922.36;215660.53;190434.16;217057.44;190849.72;208227.77;195259.36;195259.36;208227.77;190849.72;217057.44;190434.16;215660.53;209922.36;177264.33;275434.6;85778.54;718554.75;80795.23;45511.42;30871.107;1466.3405;212.65726;199.32776;67.32521;9.0
1 (108).jpg;50588.92;167454.22;234789.75;129935.7;163346.25;190105.42;156991.05;163236.17;172174.75;161422.97;161422.97;172174.75;163236.17;156991.05;190105.42;163346.25;129935.7;234789.75;167454.22;50588.92;746726.25;85854.58;56522.2;36535.27;1952.6329;276.04822;177.17279;77.18092;9.0
1 (109).jpg;208516.69;246861.81;277566.84;260078.77;254562.72;251538.48;259726.7;260226.77;246852.89;250941.1;250941.1;246852.89;260226.77;259726.7;251538.48;254562.72;260078.77;277566.84;246861.81;208516.69;724274.5;80731.77;59014.984;31626.209;1581.9781;315.9574;218.30064;63.54083;10.0
1 (11).jpg;103136.47;215514.39;250555.6;171273.58;199258.38;223737.28;193114.39;197376.38;201557.66;202609.19;202609.19;201557.66;197376.38;193114.39;223737.28;199258.38;171273.58;250555.6;215514.39;103136.47;804466.7;121881.88;70056.96;43078.887;1281.5398;132.34375;208.07532;57.90871;12.0
1 (110).jpg;167986.81;303802.2;240791.02;247152.4;261146.67;247619.75;252514.94;245157.19;255468.2;238448.27;238448.27;255468.2;245157.19;252514.94;247619.75;261146.67;247152.4;240791.02;303802.2;167986.81;774133.0;97223.89;53013.453;36286.723;1509.853;230.60799;217.41269;60.095474;10.0
1 (111).jpg;224895.98;207433.97;205934.28;223012.14;231820.16;236787.66;233745.61;229053.17;227795.97;229458.25;229458.25;227795.97;229053.17;233745.61;236787.66;231820.16;223012.14;205934.28;207433.97;224895.98;901045.5;97219.15;60306.133;42689.797;2593.328;351.2966;193.40034;88.11926;11.0
1 (112).jpg;29112.592;171626.77;128177.87;151179.08;143501.73;141607.19;146233.89;139211.97;142122.88;141017.52;141017.52;142122.88;139211.97;146233.89;141607.19;143501.73;151179.08;128177.87;171626.77;29112.592;817003.6;149567.1;82021.664;66952.52;3782.1423;413.88696;170.01262;77.14262;11.0
1 (113).jpg;177234.19;164786.23;207053.7;226179.36;216680.77;205564.95;204768.2;208519.62;207064.83;202576.19;202576.19;207064.83;208519.62;204768.2;205564.95;216680.77;226179.36;207053.7;164786.23;177234.19;834037.25;104616.44;83761.3;61145.746;4150.707;572.2273;186.43605;86.449;13.0
1 (114).jpg;213993.83;193135.33;280325.47;272795.28;222910.4;235796.77;256610.56;244669.16;234936.92;238892.36;238892.36;234936.92;244669.16;256610.56;235796.77;222910.4;272795.28;280325.47;193135.33;213993.83;733854.8;125900.94;77375.73;57780.75;3000.7666;310.93546;203.58644;79.33327;13.0
1 (115).jpg;121363.98;158274.58;201750.0;193774.64;186179.5;186145.36;180441.81;181978.44;183505.42;182041.88;182041.88;183505.42;181978.44;180441.81;186145.36;186179.5;193774.64;201750.0;158274.58;121363.98;758698.4;116476.164;71075.22;56186.79;4101.134;699.15985;181.65044;82.5749;13.0
1 (116).jpg;58955.508;63804.492;76176.37;70060.42;62852.914;69652.27;69638.92;67072.01;66060.83;66669.945;66669.945;66060.83;67072.01;69638.92;69652.27;62852.914;70060.42;76176.37;63804.492;58955.508;204729.2;23080.586;12023.845;7305.0093;783.03455;77.69863;218.60927;68.1621;2.0
1 (117).jpg;287658.0;214528.88;178481.64;171053.0;185120.31;207412.78;223203.55;227102.67;223034.2;215504.81;215504.81;223034.2;227102.67;223203.55;207412.78;185120.31;171053.0;178481.64;214528.88;287658.0;1067728.9;127812.16;65955.945;43511.094;4787.3335;986.8274;173.82408;104.60702;2.0
1 (118).jpg;29272.387;25694.332;25682.027;25879.404;25415.932;25535.28;25761.398;26113.234;25947.451;25718.264;25718.264;25947.451;26113.234;25761.398;25535.28;25415.932;25879.404;25682.027;25694.332;29272.387;110358.82;10161.377;7268.519;5446.2744;2339.7615;862.24084;193.93605;92.62121;2.0
1 (119).jpg;191930.05;281227.6;271024.38;244962.2;267368.8;250908.89;264419.4;250634.11;249569.16;261151.78;261151.78;249569.16;250634.11;264419.4;250908.89;267368.8;244962.2;271024.38;281227.6;191930.05;639138.75;87389.22;50148.047;30061.395;1527.3884;211.02995;225.98662;49.192905;3.0
1 (12).jpg;36010.203;270474.47;169089.84;130364.01;280215.47;64389.793;285553.7;107159.664;204991.53;191778.4;191778.4;204991.53;107159.664;285553.7;64389.793;280215.47;130364.01;169089.84;270474.47;36010.203;671095.56;47353.832;44626.52;35499.5;1305.2788;181.77983;203.28792;53.44673;12.0
1 (120).jpg;126582.8;193401.83;245284.38;211445.34;190530.25;194400.84;235563.8;191959.94;194616.23;204672.03;204672.03;194616.23;191959.94;235563.8;194400.84;190530.25;211445.34;245284.38;193401.83;126582.8;655588.56;88381.16;52175.754;34490.984;1910.4229;385.7203;215.57492;49.571697;3.0
1 (121).jpg;280550.8;339041.6;289723.06;331506.9;302373.44;319799.72;299526.34;313593.66;300192.25;311704.7;311704.7;300192.25;313593.66;299526.34;319799.72;302373.44;331506.9;289723.06;339041.6;280550.8;599630.7;75246.27;42105.113;28930.982;1554.647;274.01608;241.06384;38.087116;3.0
1 (122).jpg;281999.62;329062.75;294017.3;302022.72;305269.03;302796.4;306518.84;304656.1;301301.22;297726.25;297726.25;301301.22;304656.1;306518.84;302796.4;305269.03;302022.72;294017.3;329062.75;281999.62;617700.44;83080.984;45754.367;29684.604;1621.4076;331.3907;239.6231;41.404133;3.0
1 (123).jpg;262326.25;274359.94;278379.88;280536.28;277091.06;276921.88;276246.1;274651.28;272736.72;270762.44;270762.44;272736.72;274651.28;276246.1;276921.88;277091.06;280536.28;278379.88;274359.94;262326.25;754186.06;125590.96;98643.086;59591.82;4930.797;832.0804;221.12471;68.78666;1.0
1 (124).jpg;198569.64;261086.69;242590.97;250614.94;246213.62;247625.72;243555.16;244923.98;241185.84;241706.89;241706.89;241185.84;244923.98;243555.16;247625.72;246213.62;250614.94;242590.97;261086.69;198569.64;627170.2;121098.63;82825.77;68295.336;4515.871;384.4084;220.05907;59.0014;1.0
1 (125).jpg;272792.88;255796.14;284188.44;288507.22;283413.0;284633.22;283972.25;278676.75;274613.56;273479.16;273479.16;274613.56;278676.75;283972.25;284633.22;283413.0;288507.22;284188.44;255796.14;272792.88;757206.3;138623.36;88930.51;63206.3;3205.8542;550.76733;220.23329;71.03423;15.0
1 (126).jpg;223136.31;250590.89;279002.1;267532.62;260202.1;263643.22;259789.42;259357.34;259806.23;256837.11;256837.11;259806.23;259357.34;259789.42;263643.22;260202.1;267532.62;279002.1;250590.89;223136.31;600544.9;83684.62;52053.758;37585.652;2018.9016;210.17278;229.82974;46.247917;15.0
1 (127).jpg;225275.5;189557.05;178023.88;207484.48;214685.86;218705.27;217685.1;216611.73;213830.25;211508.66;211508.66;213830.25;216611.73;217685.1;218705.27;214685.86;207484.48;178023.88;189557.05;225275.5;885028.7;142097.9;97230.78;59284.492;3036.0596;489.88428;182.18002;94.33048;15.0
1 (128).jpg;99186.01;286225.7;181387.88;231811.1;199544.75;224913.11;206532.2;208714.05;218018.08;199093.03;199093.03;218018.08;208714.05;206532.2;224913.11;199544.75;231811.1;181387.88;286225.7;99186.01;795423.06;72770.85;59416.695;45738.406;1345.4888;94.322174;199.50584;69.718765;8.0
1 (129).jpg;146807.45;149313.92;208326.78;204232.42;210637.45;193025.75;188104.53;199540.75;189668.19;188525.62;188525.62;189668.19;199540.75;188104.53;193025.75;210637.45;204232.42;208326.78;149313.92;146807.45;851420.25;70776.39;47495.715;36105.25;1808.5885;145.03534;183.22292;84.54968;8.0
1 (13).jpg;50759.184;276591.53;162248.61;186467.11;195630.22;198398.84;162184.58;217906.5;158698.86;204401.2;204401.2;158698.86;217906.5;162184.58;198398.84;195630.22;186467.11;162248.61;276591.53;50759.184;707650.4;62036.414;38650.723;27855.688;1274.5713;154.79791;204.23805;55.292915;12.0
1 (130).jpg;53527.207;82827.43;138220.47;193360.73;128012.09;100815.08;138602.1;158215.92;135868.1;112395.586;112395.586;135868.1;158215.92;138602.1;100815.08;128012.09;193360.73;138220.47;82827.43;53527.207;938914.2;134290.31;61246.7;38655.594;2483.6875;431.6566;152.3639;84.78082;8.0
1 (131).jpg;183094.94;158372.19;196599.67;249400.38;234588.47;201024.34;198686.83;210867.23;216912.72;210683.11;210683.11;216912.72;210867.23;198686.83;201024.34;234588.47;249400.38;196599.67;158372.19;183094.94;947021.7;127592.96;66820.52;43558.438;3510.1929;572.8406;186.1493;87.25499;8.0
1 (132).jpg;240315.95;299461.88;275238.4;295040.78;281640.84;277260.6;283993.5;278955.12;280502.16;273352.44;273352.44;280502.16;278955.12;283993.5;277260.6;281640.84;295040.78;275238.4;299461.88;240315.95;599351.4;79805.66;44814.094;27923.252;1348.8525;208.58447;233.24681;45.45132;14.0
1 (133).jpg;21284.297;80298.68;83603.39;27019.389;104028.55;41740.914;62507.27;86291.26;32209.416;86604.8;86604.8;32209.416;86291.26;62507.27;41740.914;104028.55;27019.389;83603.39;80298.68;21284.297;237834.22;22658.945;15342.729;10239.497;1120.7712;281.63977;208.00955;50.553963;12.0
1 (134).jpg;102293.836;182847.52;250246.14;181282.86;184556.06;178255.77;246042.97;147184.89;207054.9;188311.02;188311.02;207054.9;147184.89;246042.97;178255.77;184556.06;181282.86;250246.14;182847.52;102293.836;643001.25;63803.18;41570.574;26469.81;998.0576;151.17557;213.79619;47.021397;12.0
1 (135).jpg;-41932.82;198011.5;142690.25;100200.63;141022.11;147511.53;93730.38;154264.14;125333.664;110144.914;110144.914;125333.664;154264.14;93730.38;147511.53;141022.11;100200.63;142690.25;198011.5;-41932.82;760531.3;88531.86;62041.836;42358.62;1938.6959;298.28418;179.39441;61.78852;12.0
1 (136).jpg;209673.02;255711.11;272799.78;261908.72;257817.33;259467.92;256014.67;256371.73;255680.06;253191.84;253191.84;255680.06;256371.73;256014.67;259467.92;257817.33;261908.72;272799.78;255711.11;209673.02;589513.9;67427.57;37388.504;25626.064;1500.084;266.39224;229.85156;43.348618;14.0
1 (137).jpg;78914.86;127342.734;104765.99;117683.52;107722.44;111791.21;109447.08;110229.19;107028.836;108717.59;108717.59;107028.836;110229.19;109447.08;111791.21;107722.44;117683.52;104765.99;127342.734;78914.86;267765.62;44575.51;31332.832;18843.816;1335.5424;128.57211;222.67278;52.12898;14.0
1 (138).jpg;239996.75;256156.98;276680.28;283645.78;270466.53;268776.56;268981.6;269872.25;265997.94;261307.28;261307.28;265997.94;269872.25;268981.6;268776.56;270466.53;283645.78;276680.28;256156.98;239996.75;595422.6;85206.54;54436.074;36539.22;1447.6427;177.32645;231.74475;46.09269;14.0
1 (139).jpg;111741.51;293178.8;195151.4;224642.19;238312.7;199196.94;241064.56;206844.95;224119.2;216097.17;216097.17;224119.2;206844.95;241064.56;199196.94;238312.7;224642.19;195151.4;293178.8;111741.51;740870.2;60910.9;33248.887;23347.22;1220.6361;245.19069;207.73001;62.771736;9.0
1 (14).jpg;22141.56;34474.496;47206.39;46932.742;39320.656;38342.65;44282.35;42798.996;38921.805;39316.566;39316.566;38921.805;42798.996;44282.35;38342.65;39320.656;46932.742;47206.39;34474.496;22141.56;225779.44;29960.42;15805.493;10223.613;1502.4366;172.83305;174.39934;82.10501;8.0
1 (140).jpg;11868.173;194294.42;161518.89;148670.08;150909.42;156624.97;147576.5;149220.11;152455.97;147614.95;147614.95;152455.97;149220.11;147576.5;156624.97;150909.42;148670.08;161518.89;194294.42;11868.173;749347.2;76048.88;47630.195;37328.7;2395.6978;606.39764;183.5508;67.15782;9.0
1 (141).jpg;121381.63;108621.39;194271.78;222407.88;187558.94;144544.75;161030.34;190781.39;191844.81;161920.19;161920.19;191844.81;190781.39;161030.34;144544.75;187558.94;222407.88;194271.78;108621.39;121381.63;876208.5;108419.11;64216.465;44926.273;2161.641;242.32057;170.94908;87.18979;9.0
1 (142).jpg;108111.47;185442.8;201932.39;187452.69;193878.23;196271.67;182396.05;188035.08;190412.61;184431.17;184431.17;190412.61;188035.08;182396.05;196271.67;193878.23;187452.69;201932.39;185442.8;108111.47;837237.1;96990.55;53198.83;36823.93;1551.3077;178.68938;182.52367;81.35991;9.0
1 (143).jpg;125905.9;251195.11;227457.17;217586.36;215872.45;225807.34;213457.44;222160.31;212837.05;217443.16;217443.16;212837.05;222160.31;213457.44;225807.34;215872.45;217586.36;227457.17;251195.11;125905.9;684244.4;59766.312;33688.902;25561.834;1222.498;173.29521;208.27477;62.97599;10.0
1 (144).jpg;125673.52;164416.83;251984.0;190845.94;180966.36;212062.39;202329.98;195269.48;191751.45;193781.0;193781.0;191751.45;195269.48;202329.98;212062.39;180966.36;190845.94;251984.0;164416.83;125673.52;863499.5;102775.695;62701.035;42205.37;2379.68;528.71094;189.4248;78.58353;10.0
1 (145).jpg;80120.81;204826.44;174160.62;201049.16;176832.73;189641.0;171260.5;185464.58;176972.31;180941.5;180941.5;176972.31;185464.58;171260.5;189641.0;176832.73;201049.16;174160.62;204826.44;80120.81;901624.9;111310.266;58389.055;36190.797;1378.5083;169.95122;186.46484;75.33458;10.0
1 (146).jpg;164947.17;134333.36;211589.2;240504.06;199304.98;170198.84;194223.36;216468.38;192845.17;178393.88;178393.88;192845.17;216468.38;194223.36;170198.84;199304.98;240504.06;211589.2;134333.36;164947.17;852163.44;145383.81;98200.01;67633.66;4223.7056;687.6406;179.30826;88.68198;13.0
1 (147).jpg;161713.95;208689.36;257663.36;223992.7;212161.52;235084.12;226257.14;213271.11;224798.6;223477.81;223477.81;224798.6;213271.11;226257.14;235084.12;212161.52;223992.7;257663.36;208689.36;161713.95;767904.8;121764.71;72912.93;47848.023;1894.0059;171.81334;199.86052;76.09805;13.0
1 (148).jpg;208088.81;195914.6;266111.47;256932.25;242922.98;233517.16;232030.6;242600.22;244752.28;232526.23;232526.23;244752.28;242600.22;232030.6;233517.16;242922.98;256932.25;266111.47;195914.6;208088.81;603065.06;91108.72;49507.33;32874.625;1876.995;294.70895;227.59117;44.100674;3.0
1 (149).jpg;280520.03;338953.3;289551.53;331312.56;302037.84;319455.56;298985.6;313063.97;299523.78;311013.25;311013.25;299523.78;313063.97;298985.6;319455.56;302037.84;331312.56;289551.53;338953.3;280520.03;598580.6;75343.44;42464.805;29181.674;1542.2506;270.2208;241.05006;38.08006;3.0
1 (15).jpg;13017.082;7389.228;13048.047;21942.46;21282.93;16465.576;13974.487;15331.796;16955.771;16859.398;16859.398;16955.771;15331.796;13974.487;16465.576;21282.93;21942.46;13048.047;7389.228;13017.082;88855.85;10186.84;6073.3975;4468.6177;1232.2814;328.84418;154.13255;90.81542;8.0
1 (150).jpg;126518.836;193260.47;245086.23;211085.88;189999.55;193806.38;234850.25;191031.69;193522.06;203634.38;203634.38;193522.06;191031.69;234850.25;193806.38;189999.55;211085.88;245086.23;193260.47;126518.836;656953.4;88542.33;52100.453;34284.844;1893.154;379.26205;215.54926;49.556942;3.0
1 (151).jpg;191873.34;281134.97;270867.25;244682.97;267045.1;250427.72;263839.47;249977.5;248765.8;260224.84;260224.84;248765.8;249977.5;263839.47;250427.72;267045.1;244682.97;270867.25;281134.97;191873.34;639347.5;88183.94;50380.793;30311.256;1523.7313;209.64668;225.96982;49.177383;3.0
1 (152).jpg;297507.62;296169.6;299576.16;314011.47;304073.3;303967.8;309281.62;309187.3;302596.3;290729.53;290729.53;302596.3;309187.3;309281.62;303967.8;304073.3;314011.47;299576.16;296169.6;297507.62;667937.9;85029.47;48605.64;38711.184;1723.247;202.16817;230.61736;61.699154;4.0
1 (153).jpg;312483.75;315035.0;316730.62;318583.38;316307.34;318384.38;317219.03;314990.03;312422.4;310290.84;310290.84;312422.4;314990.03;317219.03;318384.38;316307.34;318583.38;316730.62;315035.0;312483.75;646527.2;81344.086;40921.883;30498.926;1781.4155;368.44937;237.63269;52.534218;4.0
1 (154).jpg;113191.89;147513.14;273415.2;182479.44;154649.05;210633.48;212893.14;164608.83;193271.23;193507.86;193507.86;193271.23;164608.83;212893.14;210633.48;154649.05;182479.44;273415.2;147513.14;113191.89;615463.7;52265.75;32115.225;21041.635;1164.4149;190.48097;214.89621;45.69339;5.0
1 (155).jpg;183879.52;234175.75;259652.0;244386.56;243047.31;240450.16;235442.72;241707.47;235340.52;237414.58;237414.58;235340.52;241707.47;235442.72;240450.16;243047.31;244386.56;259652.0;234175.75;183879.52;729025.3;86769.83;53556.92;34220.145;1683.417;237.07019;204.71375;75.392365;5.0
1 (156).jpg;81515.23;268806.34;176491.34;211131.98;209600.02;177918.42;235101.23;163298.38;230585.69;171205.36;171205.36;230585.69;163298.38;235101.23;177918.42;209600.02;211131.98;176491.34;268806.34;81515.23;722596.56;90159.22;54420.28;35866.52;2650.6545;658.98004;203.98354;61.038437;7.0
1 (157).jpg;120741.73;256727.83;189905.19;252039.0;198190.72;196886.23;249191.9;190508.83;229008.84;183333.89;183333.89;229008.84;190508.83;249191.9;196886.23;198190.72;252039.0;189905.19;256727.83;120741.73;764662.94;95724.805;56103.832;45682.63;3471.3386;844.3604;206.62367;63.9722;7.0
1 (158).jpg;202019.45;273000.62;260669.67;264176.78;262059.4;257810.33;257485.23;256618.66;255902.75;254272.9;254272.9;255902.75;256618.66;257485.23;257810.33;262059.4;264176.78;260669.67;273000.62;202019.45;757307.9;56337.965;52828.883;35809.074;2541.886;800.68634;215.72186;66.92099;6.0
1 (159).jpg;227655.39;283186.34;299704.1;266380.2;272740.84;282534.88;278732.94;263706.2;279331.03;268842.38;268842.38;279331.03;263706.2;278732.94;282534.88;272740.84;266380.2;299704.1;283186.34;227655.39;576557.3;73666.766;48192.043;29869.756;1952.7263;302.02744;232.76134;43.10378;14.0
1 (16).jpg;109746.375;186093.67;232006.03;187146.75;205498.06;188600.5;194009.3;199389.38;192279.4;193346.66;193346.66;192279.4;199389.38;194009.3;188600.5;205498.06;187146.75;232006.03;186093.67;109746.375;839196.4;84897.414;39188.4;26409.676;2096.6187;226.78253;188.62595;77.67838;8.0
1 (160).jpg;155705.53;312087.62;217543.95;255157.31;249578.84;243544.89;242839.58;250359.42;234751.95;247005.78;247005.78;234751.95;250359.42;242839.58;243544.89;249578.84;255157.31;217543.95;312087.62;155705.53;685940.6;76927.78;49575.688;28581.994;1317.3529;129.07224;215.09346;61.41055;14.0
1 (161).jpg;157217.81;300603.03;227759.1;244581.5;260051.64;225038.47;261786.36;230856.72;247469.42;235535.11;235535.11;247469.42;230856.72;261786.36;225038.47;260051.64;244581.5;227759.1;300603.03;157217.81;689188.5;91541.62;45942.586;30171.0;1339.0991;129.37962;213.76833;63.11707;14.0
1 (162).jpg;152002.48;194426.83;223571.16;231686.38;223626.02;205083.33;207835.44;215988.39;213525.39;212089.6;212089.6;213525.39;215988.39;207835.44;205083.33;223626.02;231686.38;223571.16;194426.83;152002.48;872008.7;89854.336;42870.44;28423.324;2578.2952;244.39372;193.31796;79.73083;8.0
1 (163).jpg;87378.68;176263.61;217212.06;187769.2;175230.22;183622.36;184563.03;184460.45;179393.14;184065.25;184065.25;179393.14;184460.45;184563.03;183622.36;175230.22;187769.2;217212.06;176263.61;87378.68;815891.9;110518.7;75027.1;47561.695;1721.3414;133.38963;195.2218;68.21802;8.0
1 (164).jpg;66299.484;179732.39;200722.44;187475.95;156286.45;167598.9;192752.61;176575.69;156309.55;175301.84;175301.84;156309.55;176575.69;192752.61;167598.9;156286.45;187475.95;200722.44;179732.39;66299.484;916898.75;130090.766;67003.65;48375.45;1710.2272;126.46553;190.62552;69.32667;8.0
1 (17).jpg;226378.8;255818.14;294048.72;273435.38;254877.62;270885.97;273959.88;259855.1;263800.2;265742.47;265742.47;263800.2;259855.1;273959.88;270885.97;254877.62;273435.38;294048.72;255818.14;226378.8;737030.25;86198.47;61772.04;38612.94;3098.2644;672.6815;217.39182;68.21545;13.0
1 (18).jpg;131664.56;218157.72;247826.03;209353.28;208655.9;212014.2;229062.19;205591.67;209749.89;212509.72;212509.72;209749.89;205591.67;229062.19;212014.2;208655.9;209353.28;247826.03;218157.72;131664.56;673431.4;100406.34;70880.766;52252.062;3656.6746;823.2555;198.199;73.813286;13.0
1 (19).jpg;61264.27;123131.164;183069.23;180556.16;139937.69;132109.55;167953.77;177477.5;135576.45;137660.55;137660.55;135576.45;177477.5;167953.77;132109.55;139937.69;180556.16;183069.23;123131.164;61264.27;839407.94;105564.21;57230.773;34911.277;1462.4114;110.472374;173.65627;78.568;5.0
1 (2).jpg;91325.26;216125.34;155370.5;197645.33;171667.3;175984.52;184711.9;179876.39;177800.67;173874.12;173874.12;177800.67;179876.39;184711.9;175984.52;171667.3;197645.33;155370.5;216125.34;91325.26;741980.06;96919.586;53712.402;39355.89;1661.3783;157.4074;206.83046;55.540382;8.0
1 (20).jpg;321712.75;302046.9;322700.66;326919.34;305325.66;308042.6;322196.12;310018.84;301182.25;313244.7;313244.7;301182.25;310018.84;322196.12;308042.6;305325.66;326919.34;322700.66;302046.9;321712.75;701469.2;117701.14;68341.04;49075.2;1923.4615;288.68732;234.86957;58.95035;4.0
1 (21).jpg;249143.86;271548.94;296663.75;273699.28;265380.28;266847.56;276143.88;260943.9;256846.34;260337.23;260337.23;256846.34;260943.9;276143.88;266847.56;265380.28;273699.28;296663.75;271548.94;249143.86;607063.2;74946.03;39724.465;24763.912;1412.4637;248.07869;225.85733;59.65989;4.0
1 (22).jpg;337171.88;314382.03;308596.44;316531.16;320041.78;312994.0;305718.03;306166.66;309971.56;309378.97;309378.97;309971.56;306166.66;305718.03;312994.0;320041.78;316531.16;308596.44;314382.03;337171.88;716833.4;115059.07;70426.37;40951.56;1771.2826;268.81216;233.94661;63.096478;4.0
1 (23).jpg;64604.188;197849.8;205293.08;180984.11;155541.11;196792.48;179458.16;170245.7;176116.62;179325.31;179325.31;176116.62;170245.7;179458.16;196792.48;155541.11;180984.11;205293.08;197849.8;64604.188;592723.75;46947.473;33668.895;20954.916;1456.0956;312.51978;206.99474;50.553715;5.0
1 (24).jpg;113246.805;147580.28;273548.84;182758.48;154965.1;211000.14;213404.16;165242.4;193945.22;194340.34;194340.34;193945.22;165242.4;213404.16;211000.14;154965.1;182758.48;273548.84;147580.28;113246.805;611198.3;50402.777;31238.074;22064.898;1170.0383;191.35818;214.91566;45.703987;5.0
1 (25).jpg;172986.94;257042.5;235878.58;251636.0;240268.61;242020.78;237647.1;238616.84;237449.22;236379.92;236379.92;237449.22;238616.84;237647.1;242020.78;240268.61;251636.0;235878.58;257042.5;172986.94;741125.2;52285.457;35121.484;30178.676;3991.7024;1080.8347;207.95706;71.00796;6.0
1 (26).jpg;202204.8;273252.28;260987.22;264525.34;262662.8;258253.64;258175.38;256889.0;256605.98;254785.6;254785.6;256605.98;256889.0;258175.38;258253.64;262662.8;264525.34;260987.22;273252.28;202204.8;745743.5;57350.434;49501.906;32293.996;2765.4312;986.02783;215.75049;66.947395;6.0
1 (27).jpg;209011.64;250488.81;304573.84;235024.55;269620.34;262417.62;257168.56;260918.73;254780.64;259484.17;259484.17;254780.64;260918.73;257168.56;262417.62;269620.34;235024.55;304573.84;250488.81;209011.64;901504.9;135765.39;71471.25;42541.223;1717.7716;286.30386;212.44916;71.663506;6.0
1 (28).jpg;120741.74;256727.83;189905.1;252039.19;198190.61;196886.23;249191.83;190509.12;229008.48;183334.0;183334.0;229008.48;190509.12;249191.83;196886.23;198190.61;252039.19;189905.1;256727.83;120741.74;764303.5;96259.08;56188.434;46157.598;3475.0378;845.5984;206.62367;63.972202;7.0
1 (29).jpg;81529.77;268804.44;176486.84;211217.2;209580.55;178063.53;235105.16;163493.8;230646.4;171421.31;171421.31;230646.4;163493.8;235105.16;178063.53;209580.55;211217.2;176486.84;268804.44;81529.77;719981.5;90674.086;54231.0;35462.8;2656.0906;658.976;203.98814;61.043003;7.0
1 (3).jpg;82434.32;119257.94;140472.52;135951.58;117219.54;128688.06;128388.836;128408.625;125869.234;123384.945;123384.945;125869.234;128408.625;128388.836;128688.06;117219.54;135951.58;140472.52;119257.94;82434.32;478773.53;62992.684;35218.43;28503.176;2595.566;480.4614;195.07782;75.77971;8.0
1 (30).jpg;139806.34;249422.4;241283.53;221855.81;224111.22;227232.22;231782.72;219551.55;222445.5;224684.45;224684.45;222445.5;219551.55;231782.72;227232.22;224111.22;221855.81;241283.53;249422.4;139806.34;674707.75;65570.34;46705.93;27883.396;1987.7783;474.72348;214.494;56.876842;7.0
1 (31).jpg;-21124.627;213400.53;59983.41;195552.4;101249.734;160420.2;115352.27;128246.2;141197.02;117227.74;117227.74;141197.02;128246.2;115352.27;160420.2;101249.734;195552.4;59983.41;213400.53;-21124.627;1008385.06;187865.08;112793.92;66189.195;2579.9653;311.15997;169.68979;71.4552;7.0
1 (32).jpg;108130.09;185502.56;202018.2;187590.7;194058.38;196519.44;182695.86;188395.52;190829.47;184961.6;184961.6;190829.47;188395.52;182695.86;196519.44;194058.38;187590.7;202018.2;185502.56;108130.09;835349.56;94890.31;51422.098;37269.23;1562.5922;180.15355;182.53426;81.36915;9.0
1 (33).jpg;121430.42;108761.6;194550.23;222839.34;187997.11;144989.2;161618.7;191618.36;192835.64;163000.45;163000.45;192835.64;191618.36;161618.7;144989.2;187997.11;222839.34;194550.23;108761.6;121430.42;884939.3;120171.1;59333.934;40855.953;2215.9146;290.77295;170.97252;87.21472;9.0
1 (34).jpg;-14547.66;188038.84;137039.3;132143.75;131770.58;128832.96;148267.78;132076.81;135712.62;128489.8;128489.8;135712.62;132076.81;148267.78;128832.96;131770.58;132143.75;137039.3;188038.84;-14547.66;808067.6;110806.375;63285.863;40111.332;1986.947;497.30377;174.70816;69.08105;9.0
1 (35).jpg;161596.36;217304.75;223785.34;227172.47;219668.3;223441.62;219278.66;216927.36;218774.67;218906.77;218906.77;218774.67;216927.36;219278.66;223441.62;219668.3;227172.47;223785.34;217304.75;161596.36;680527.8;55899.293;28608.738;21134.0;1565.1636;310.8485;208.2904;66.89677;10.0
1 (36).jpg;102882.055;299621.38;176075.98;253681.53;179257.6;265647.12;174718.97;246297.08;199246.89;222517.11;222517.11;199246.89;246297.08;174718.97;265647.12;179257.6;253681.53;176075.98;299621.38;102882.055;716399.44;94880.71;53666.72;36739.848;1577.1562;255.05103;210.6655;57.390602;10.0
1 (37).jpg;150722.8;158494.61;173857.53;176193.3;172662.44;180824.25;188274.61;178794.16;177780.77;172805.11;172805.11;177780.77;178794.16;188274.61;180824.25;172662.44;176193.3;173857.53;158494.61;150722.8;986186.75;190563.31;108474.89;69106.08;3019.558;258.65707;173.10153;90.031746;11.0
1 (38).jpg;99107.04;138655.78;152247.23;189235.56;177027.17;170397.78;163312.14;162505.44;162907.53;165794.3;165794.3;162907.53;162505.44;163312.14;170397.78;177027.17;189235.56;152247.23;138655.78;99107.04;937407.44;151522.22;81844.21;46374.67;3486.664;572.2042;169.54831;85.50108;11.0
1 (39).jpg;70466.25;271762.47;146886.34;240215.98;152410.31;229865.81;168924.69;208331.02;178555.8;201302.25;201302.25;178555.8;208331.02;168924.69;229865.81;152410.31;240215.98;146886.34;271762.47;70466.25;699570.6;66752.805;38707.9;26534.984;1342.0228;235.11365;206.99919;54.724575;12.0
1 (4).jpg;181851.78;312436.75;231950.66;268987.3;261243.81;246595.23;270900.38;240264.27;264248.44;245127.78;245127.78;264248.44;240264.27;270900.38;246595.23;261243.81;268987.3;231950.66;312436.75;181851.78;641470.44;83020.38;43962.156;30839.998;1228.7184;121.810974;224.30109;51.457615;14.0
1 (40).jpg;216229.67;199435.56;284135.0;259906.17;225327.97;253201.92;259423.1;238858.5;236382.16;241673.16;241673.16;236382.16;238858.5;259423.1;253201.92;225327.97;259906.17;284135.0;199435.56;216229.67;611092.9;69064.12;42738.95;29617.004;1654.5143;309.55862;228.96837;43.47717;3.0
1 (41).jpg;161201.23;244096.78;243424.27;244991.39;220098.38;239030.3;228513.75;234635.02;226738.81;227364.42;227364.42;226738.81;234635.02;228513.75;239030.3;220098.38;244991.39;243424.27;244096.78;161201.23;738466.5;119765.07;68229.03;55544.492;3224.4773;477.20056;205.7059;71.35052;13.0
1 (42).jpg;152488.05;200143.86;259185.83;225687.55;198949.75;224163.66;227979.33;208353.47;214704.52;217596.45;217596.45;214704.52;208353.47;227979.33;224163.66;198949.75;225687.55;259185.83;200143.86;152488.05;765561.25;110714.98;59421.953;48676.535;2975.9702;276.25433;196.89212;77.29874;13.0
1 (43).jpg;157657.58;160627.22;212045.61;239136.97;205474.62;185585.0;205867.1;215380.48;202712.69;190769.11;190769.11;202712.69;215380.48;205867.1;185585.0;205474.62;239136.97;212045.61;160627.22;157657.58;803277.4;133166.27;100136.64;72231.4;5154.3887;1049.6453;187.24501;83.69364;13.0
1 (44).jpg;134748.3;285423.66;215215.56;242293.92;221344.19;237684.94;230219.47;223688.7;231584.08;221678.14;221678.14;231584.08;223688.7;230219.47;237684.94;221344.19;242293.92;215215.56;285423.66;134748.3;649322.8;98575.37;55531.59;43352.004;2422.3818;323.4588;214.51062;57.29896;14.0
1 (45).jpg;192461.45;283151.5;253381.1;261814.28;260432.78;248223.8;263463.2;247209.83;257216.42;246489.47;246489.47;257216.42;247209.83;263463.2;248223.8;260432.78;261814.28;253381.1;283151.5;192461.45;651737.0;91376.62;55630.914;35563.92;1593.5636;252.15901;222.2293;55.98204;14.0
1 (46).jpg;216341.1;261179.84;279800.5;264206.62;256921.5;261907.94;268714.97;257553.34;255952.53;261728.5;261728.5;255952.53;257553.34;268714.97;261907.94;256921.5;264206.62;279800.5;261179.84;216341.1;677039.0;98379.66;57829.223;34336.824;1951.9938;398.32385;222.64864;58.92237;14.0
1 (47).jpg;73598.87;218635.11;212608.06;161604.73;194564.47;191326.6;181986.03;183998.08;184901.72;183004.45;183004.45;184901.72;183998.08;181986.03;191326.6;194564.47;161604.73;212608.06;218635.11;73598.87;705601.0;109687.22;70481.71;49938.723;3072.5835;162.96274;188.60321;73.62692;13.0
1 (48).jpg;206443.39;187464.25;218619.36;235225.67;239849.31;233542.9;224593.36;221628.3;223160.42;223141.39;223141.39;223160.42;221628.3;224593.36;233542.9;239849.31;235225.67;218619.36;187464.25;206443.39;806141.94;98702.2;74401.97;56975.58;4048.7278;535.7675;193.69034;85.56525;13.0
1 (49).jpg;194276.75;150109.56;191863.31;252548.53;234327.42;201552.42;201937.1;216412.34;211591.31;204182.72;204182.72;211591.31;216412.34;201937.1;201552.42;234327.42;252548.53;191863.31;150109.56;194276.75;911293.6;140873.94;79083.76;58803.742;4667.1914;898.66223;186.78252;87.765976;13.0
1 (5).jpg;223196.4;293758.44;282546.03;275502.28;272519.97;276976.88;274371.8;268913.34;272246.6;267682.9;267682.9;272246.6;268913.34;274371.8;276976.88;272519.97;275502.28;282546.03;293758.44;223196.4;692699.56;114447.234;63259.973;44567.293;2922.0894;537.64136;224.7134;58.41946;15.0
1 (50).jpg;208507.84;189763.22;227558.28;216883.05;216654.39;221451.8;221948.67;219602.55;217220.36;216467.56;216467.56;217220.36;219602.55;221948.67;221451.8;216654.39;216883.05;227558.28;189763.22;208507.84;907429.8;146714.08;94782.8;63895.273;4139.22;355.26334;188.04514;89.69285;15.0
1 (51).jpg;278894.94;217534.38;207813.42;207080.61;209205.62;211387.86;216761.1;222306.06;224906.48;225154.25;225154.25;224906.48;222306.06;216761.1;211387.86;209205.62;207080.61;207813.42;217534.38;278894.94;891782.25;173775.17;94301.64;63960.055;3647.6155;727.0097;182.07628;100.504364;15.0
1 (52).jpg;270098.94;236597.48;243836.28;241524.3;237768.31;241116.66;240880.56;241528.55;242688.53;242634.25;242634.25;242688.53;241528.55;240880.56;241116.66;237768.31;241524.3;243836.28;236597.48;270098.94;848702.0;151120.67;100805.19;72125.234;3567.1567;618.9384;198.54355;90.39769;15.0
1 (53).jpg;173426.4;180345.7;203725.45;223245.27;222532.97;210465.48;205853.8;207870.27;212182.2;211040.06;211040.06;212182.2;207870.27;205853.8;210465.48;222532.97;223245.27;203725.45;180345.7;173426.4;857760.56;95546.055;59519.633;45862.125;5392.393;1134.7185;190.2913;83.772545;2.0
1 (54).jpg;208118.86;195986.17;266224.4;257114.19;243198.42;233872.14;232416.67;243066.53;245350.05;233214.3;233214.3;245350.05;243066.53;232416.67;233872.14;243198.42;257114.19;266224.4;195986.17;208118.86;603510.1;90809.234;49549.203;33232.027;1886.538;296.80988;227.60564;44.10612;3.0
1 (55).jpg;282022.97;329153.2;294158.9;302223.66;305568.2;303176.06;306975.97;305183.44;301937.2;298447.53;298447.53;301937.2;305183.44;306975.97;303176.06;305568.2;302223.66;294158.9;329153.2;282022.97;617164.0;83120.38;45413.16;30020.148;1635.9604;338.92218;239.63742;41.40678;3.0
1 (56).jpg;309852.3;313435.78;315006.3;316892.16;314752.16;316843.06;315787.22;313640.75;311135.72;309023.94;309023.94;311135.72;313640.75;315787.22;316843.06;314752.16;316892.16;315006.3;313435.78;309852.3;653850.06;88022.31;47408.004;34540.055;2065.996;402.54895;237.04657;53.119926;4.0
1 (57).jpg;307981.3;307157.94;309702.25;321573.78;313140.6;312867.12;316978.0;316784.28;310844.16;300694.34;300694.34;310844.16;316784.28;316978.0;312867.12;313140.6;321573.78;309702.25;307157.94;307981.3;647818.0;80062.07;50565.387;35868.492;1810.0314;353.45813;234.7994;56.87392;4.0
1 (58).jpg;162332.3;242539.1;228893.48;239255.4;230822.52;228280.42;231352.64;230891.58;224761.88;222311.0;222311.0;224761.88;230891.58;231352.64;228280.42;230822.52;239255.4;228893.48;242539.1;162332.3;653643.9;63539.094;35902.53;24199.473;1603.4753;380.75977;212.30583;63.238247;5.0
1 (59).jpg;121683.43;226986.22;202265.14;221981.53;208046.98;210341.02;204673.66;206337.16;206097.56;205080.75;205080.75;206097.56;206337.16;204673.66;210341.02;208046.98;221981.53;202265.14;226986.22;121683.43;744169.5;53333.12;43163.445;33191.55;4607.095;1525.2764;194.75543;75.36829;6.0
1 (6).jpg;224337.81;208219.9;224460.88;224001.0;223351.06;223091.72;223071.48;223114.22;221693.14;218927.34;218927.34;221693.14;223114.22;223071.48;223091.72;223351.06;224001.0;224460.88;208219.9;224337.81;884190.3;163293.02;93380.02;62974.992;2734.156;387.82532;190.73523;90.04067;15.0
1 (60).jpg;68831.41;245650.06;215067.9;145864.08;231449.78;192232.4;161756.27;234000.88;162280.92;192167.8;192167.8;162280.92;234000.88;161756.27;192232.4;231449.78;145864.08;215067.9;245650.06;68831.41;709865.2;68996.58;39999.074;34098.62;1764.1842;380.3292;207.74655;52.904354;7.0
1 (61).jpg;-30098.15;241259.83;72955.586;177782.97;116389.51;143112.72;138510.77;129960.734;142424.8;126425.89;126425.89;142424.8;129960.734;138510.77;143112.72;116389.51;177782.97;72955.586;241259.83;-30098.15;708371.8;89482.81;47926.547;32390.898;2464.377;569.2585;185.22137;59.62675;7.0
1 (62).jpg;-57352.996;209540.97;94147.41;124560.18;126887.29;126025.805;103891.91;136536.66;112647.266;105444.2;105444.2;112647.266;136536.66;103891.91;126025.805;126887.29;124560.18;94147.41;209540.97;-57352.996;687001.2;63209.02;36022.586;21512.914;1428.0583;332.06274;186.65799;51.79406;7.0
1 (63).jpg;110731.62;154877.31;206340.7;193456.47;177423.5;190588.44;176666.95;182386.23;179771.58;177216.28;177216.28;179771.58;182386.23;176666.95;190588.44;177423.5;193456.47;206340.7;154877.31;110731.62;833490.75;97370.055;54500.754;33610.16;2414.0796;590.1407;178.33405;83.3922;9.0
1 (64).jpg;11882.587;194344.03;161597.11;148808.27;151095.86;156897.58;147897.28;149664.61;152945.47;148235.67;148235.67;152945.47;149664.61;147897.28;156897.58;151095.86;148808.27;161597.11;194344.03;11882.587;753405.94;76073.17;47344.137;37130.016;2396.965;601.571;183.5617;67.170006;9.0
1 (65).jpg;150574.62;227433.34;230559.6;201447.22;240814.77;213638.64;221500.81;225734.86;214547.17;217133.19;217133.19;214547.17;225734.86;221500.81;213638.64;240814.77;201447.22;230559.6;227433.34;150574.62;752525.5;94075.336;53590.777;34383.016;1838.8467;442.28647;206.40323;67.93043;10.0
1 (66).jpg;125855.305;164644.02;252089.4;191313.28;181702.77;212463.4;202788.48;195693.78;192021.64;194127.48;194127.48;192021.64;195693.78;202788.48;212463.4;181702.77;191313.28;252089.4;164644.02;125855.305;853484.3;95886.625;55179.906;41271.316;2636.263;655.8176;189.4457;78.61552;10.0
1 (67).jpg;23521.414;208071.0;160038.25;179492.03;142103.16;156642.52;184573.9;148220.6;149878.98;172006.97;172006.97;149878.98;148220.6;184573.9;156642.52;142103.16;179492.03;160038.25;208071.0;23521.414;677439.5;82089.99;45032.918;28613.006;1759.3228;498.42487;194.31197;59.44065;10.0
1 (68).jpg;155387.6;144474.88;174875.97;205119.45;209209.22;190512.75;186654.3;191682.2;192653.61;185010.17;185010.17;192653.61;191682.2;186654.3;190512.75;209209.22;205119.45;174875.97;144474.88;155387.6;1071377.0;193447.6;112918.26;75179.97;3416.8894;528.5185;175.3558;89.50406;11.0
1 (69).jpg;225347.53;208260.97;206595.47;223439.25;232579.73;237228.69;234010.78;229170.11;228156.48;229312.12;229312.12;228156.48;229170.11;234010.78;237228.69;232579.73;223439.25;206595.47;208260.97;225347.53;902325.44;95897.516;58394.582;43088.3;2569.5781;326.46945;193.62723;88.0361;11.0
1 (7).jpg;157614.05;203617.17;248304.94;225393.38;215222.23;222838.38;215559.17;220631.28;218604.23;215086.44;215086.44;218604.23;220631.28;215559.17;222838.38;215222.23;225393.38;248304.94;203617.17;157614.05;649947.2;81428.28;57273.562;39267.156;3084.8767;814.7863;218.52263;51.28643;15.0
1 (70).jpg;182351.39;217240.2;217194.66;226214.02;230798.78;230093.86;226752.38;231193.67;217491.05;218587.62;218587.62;217491.05;231193.67;226752.38;230093.86;230798.78;226214.02;217194.66;217240.2;182351.39;881171.25;98307.016;72236.016;60107.656;3386.2817;582.9346;197.37335;80.61098;11.0
1 (71).jpg;248096.56;216175.48;276677.5;287101.78;256920.62;256996.72;267537.75;261209.34;254691.22;256908.6;256908.6;254691.22;261209.34;267537.75;256996.72;256920.62;287101.78;276677.5;216175.48;248096.56;785860.94;133944.55;84463.46;56441.273;2439.284;321.88263;209.48177;78.65006;15.0
1 (72).jpg;227333.66;238829.81;243456.4;233258.06;238931.66;233122.67;232310.84;229160.44;226706.45;226045.78;226045.78;226706.45;229160.44;232310.84;233122.67;238931.66;233258.06;243456.4;238829.81;227333.66;884217.5;161672.34;104248.69;64163.6;3332.2563;315.62466;185.61754;94.82881;15.0
1 (73).jpg;179122.78;290106.53;241575.7;253693.61;263584.3;235928.16;262952.6;239211.86;255060.3;240580.84;240580.84;255060.3;239211.86;262952.6;235928.16;263584.3;253693.61;241575.7;290106.53;179122.78;599575.56;95056.39;61384.223;43504.016;2026.3813;209.33737;223.71494;50.90494;15.0
1 (74).jpg;247572.95;124139.84;78952.2;93520.305;119846.984;137050.48;148685.34;159712.45;165984.1;162965.05;162965.05;165984.1;159712.45;148685.34;137050.48;119846.984;93520.305;78952.2;124139.84;247572.95;1098656.9;175675.47;90250.47;56902.78;4364.3774;835.704;135.15825;106.376816;2.0
1 (75).jpg;191854.34;221382.4;270714.62;263973.38;229006.73;229892.5;262476.4;238335.47;241587.05;234259.22;234259.22;241587.05;238335.47;262476.4;229892.5;229006.73;263973.38;270714.62;221382.4;191854.34;627711.1;88826.414;53403.016;35600.02;2078.465;621.83514;225.98999;45.845795;3.0
1 (76).jpg;220318.31;239296.95;260060.12;247068.39;273325.1;256752.75;254398.39;251638.64;250024.39;245830.66;245830.66;250024.39;251638.64;254398.39;256752.75;273325.1;247068.39;260060.12;239296.95;220318.31;606038.06;73735.38;52564.85;37675.0;1925.6318;420.97348;229.99423;43.946438;3.0
1 (77).jpg;195928.86;316676.06;244384.1;284921.6;251585.22;278360.03;264542.34;251800.94;279106.25;246788.2;246788.2;279106.25;251800.94;264542.34;278360.03;251585.22;284921.6;244384.1;316676.06;195928.86;668368.9;87849.19;55018.07;33706.355;1860.7938;264.50925;225.96654;51.67787;3.0
1 (78).jpg;329310.56;299893.25;292004.28;302384.0;315569.8;314950.9;303889.1;296427.53;296776.47;300509.88;300509.88;296776.47;296427.53;303889.1;314950.9;315569.8;302384.0;292004.28;299893.25;329310.56;756229.9;114252.29;66931.31;48436.918;2374.3657;509.1998;228.88318;68.90803;4.0
1 (79).jpg;313542.5;310898.6;316487.25;319715.03;317692.12;318895.84;317654.9;315233.62;311588.72;309079.62;309079.62;311588.72;315233.62;317654.9;318895.84;317692.12;319715.03;316487.25;310898.6;313542.5;664251.75;85440.29;51697.875;33686.594;2222.8015;399.74387;237.10042;53.65994;4.0
1 (8).jpg;278323.5;278763.4;280691.3;280856.62;281212.84;279552.25;279201.2;277582.88;275656.7;274206.78;274206.78;275656.7;277582.88;279201.2;279552.25;281212.84;280856.62;280691.3;278763.4;278323.5;778002.0;125850.445;91297.29;68775.61;5385.6113;886.2883;220.2293;72.33856;1.0
1 (80).jpg;333047.4;299728.78;288193.94;303736.12;320714.62;319185.62;304128.84;293198.88;293027.66;297321.9;297321.9;293027.66;293198.88;304128.84;319185.62;320714.62;303736.12;288193.94;299728.78;333047.4;731977.4;122735.57;73993.24;51063.242;2275.6157;378.38104;228.56041;69.82595;4.0
1 (81).jpg;299871.78;300768.75;328307.12;315291.62;307798.8;316235.4;309468.3;306292.03;312491.72;304387.7;304387.7;312491.72;306292.03;309468.3;316235.4;307798.8;315291.62;328307.12;300768.75;299871.78;640828.2;97053.23;57262.316;34472.527;1720.4437;235.53955;236.44218;52.17436;4.0
1 (82).jpg;333034.16;299696.25;288157.03;303681.2;320593.25;319010.47;303968.62;293095.5;292933.5;297148.9;297148.9;292933.5;293095.5;303968.62;319010.47;320593.25;303681.2;288157.03;299696.25;333034.16;731315.44;123260.24;74253.32;50497.29;2274.4775;377.63235;228.56102;69.81626;4.0
1 (83).jpg;162312.33;242477.25;228796.0;239067.77;230578.3;227967.83;231014.64;230434.64;224282.83;221751.86;221751.86;224282.83;230434.64;231014.64;227967.83;230578.3;239067.77;228796.0;242477.25;162312.33;650151.0;62801.734;36354.6;24055.057;1594.4059;380.01587;212.2941;63.23112;5.0
1 (84).jpg;183882.72;234339.66;259886.34;244546.86;243551.61;240674.7;235741.84;241829.47;235707.72;237794.47;237794.47;235707.72;241829.47;235741.84;240674.7;243551.61;244546.86;259886.34;234339.66;183882.72;758393.25;80004.56;48174.523;32840.023;1782.8153;297.74472;204.72586;75.40365;5.0
1 (85).jpg;64563.684;197751.12;205169.02;180788.98;155229.61;196343.55;178969.11;169701.34;175440.64;178490.22;178490.22;175440.64;169701.34;178969.11;196343.55;155229.61;180788.98;205169.02;197751.12;64563.684;590676.2;47319.184;33255.324;21209.252;1446.165;310.18777;206.97734;50.541054;5.0
1 (86).jpg;-17505.97;289779.44;60310.633;227418.72;113360.37;174461.69;153955.25;142695.95;171221.61;130713.06;130713.06;171221.61;142695.95;153955.25;174461.69;113360.37;227418.72;60310.633;289779.44;-17505.97;680717.1;70887.92;39590.055;27152.562;2740.3123;538.9861;190.27644;59.065044;7.0
1 (87).jpg;-60349.41;285027.0;35403.81;205418.61;86575.99;170393.47;108191.78;148707.05;126306.45;128281.7;128281.7;126306.45;148707.05;108191.78;170393.47;86575.99;205418.61;35403.81;285027.0;-60349.41;798551.25;119857.19;59463.477;38496.33;2741.811;617.7889;178.9182;61.746357;7.0
1 (88).jpg;121668.945;226924.88;202295.81;221977.16;207938.53;210188.53;204516.55;206134.98;205924.95;204776.14;204776.14;205924.95;206134.98;204516.55;210188.53;207938.53;221977.16;202295.81;226924.88;121668.945;747129.0;54760.84;43014.625;33480.82;4601.601;1524.4866;194.74359;75.36487;6.0
1 (89).jpg;208535.0;246915.48;277757.78;260192.92;254806.56;251886.14;259840.67;260604.52;247206.56;251277.92;251277.92;247206.56;260604.52;259840.67;251886.14;254806.56;260192.92;277757.78;246915.48;208535.0;708284.06;74601.36;51061.03;32474.348;1658.2008;287.56265;218.31735;63.537273;10.0
1 (9).jpg;247524.02;288303.88;280647.75;282244.56;281153.72;279881.72;279302.56;277143.06;275645.75;273994.2;273994.2;275645.75;277143.06;279302.56;279881.72;281153.72;282244.56;280647.75;288303.88;247524.02;639040.8;92561.42;74882.0;49438.957;3728.429;235.324;228.45085;55.903873;1.0
1 (90).jpg;130496.664;298678.84;190017.17;259391.94;216922.2;239337.33;222741.69;229883.39;229519.19;220304.6;220304.6;229519.19;229883.39;222741.69;239337.33;216922.2;259391.94;190017.17;298678.84;130496.664;754161.44;90685.34;47875.215;32116.648;1221.4347;179.55783;212.14667;60.29389;10.0
1 (91).jpg;102862.26;299655.34;176020.4;253651.47;179247.17;265564.6;174600.05;246271.61;199076.58;222326.02;222326.02;199076.58;246271.61;174600.05;265564.6;179247.17;253651.47;176020.4;299655.34;102862.26;715790.56;95142.38;54050.465;37144.95;1653.921;260.25897;210.66858;57.37567;10.0
1 (92).jpg;80181.17;204749.22;174271.8;200991.52;177027.92;190044.11;171388.53;185622.06;177428.45;181367.95;181367.95;177428.45;185622.06;171388.53;190044.11;177027.92;200991.52;174271.8;204749.22;80181.17;870540.0;114600.055;57758.203;34627.324;1415.3987;132.04152;186.46352;75.35169;10.0
1 (93).jpg;138352.55;151717.62;180420.77;191441.83;187025.77;190156.47;189607.69;187293.17;181851.11;180056.56;180056.56;181851.11;187293.17;189607.69;190156.47;187025.77;191441.83;180420.77;151717.62;138352.55;837668.6;148562.3;77348.48;51211.68;3511.275;706.4137;176.7583;86.98863;11.0
1 (94).jpg;97414.22;79323.445;136827.34;171889.67;162298.62;145132.42;142995.25;143361.83;144176.44;144460.16;144460.16;144176.44;143361.83;142995.25;145132.42;162298.62;171889.67;136827.34;79323.445;97414.22;1011088.3;135781.73;76064.79;51061.605;3677.7231;627.5172;161.39708;86.590385;11.0
1 (95).jpg;78623.73;127739.62;139075.64;143387.16;143539.58;145032.23;152457.78;144455.89;147663.6;145072.28;145072.28;147663.6;144455.89;152457.78;145032.23;143539.58;143387.16;139075.64;127739.62;78623.73;907264.25;144854.0;90347.54;67393.4;4032.092;737.747;188.84882;68.89846;11.0
1 (96).jpg;271386.56;270895.97;277804.75;281345.0;280180.06;277160.22;276611.47;275804.47;275078.22;273132.97;273132.97;275078.22;275804.47;276611.47;277160.22;280180.06;281345.0;277804.75;270895.97;271386.56;761519.1;98863.484;82367.95;61234.05;4720.7046;843.9015;218.47911;73.32196;1.0
1 (97).jpg;262320.1;276934.62;276327.62;273146.2;273202.4;272211.6;270554.66;270035.5;268142.44;265621.7;265621.7;268142.44;270035.5;270554.66;272211.6;273202.4;273146.2;276327.62;276934.62;262320.1;761489.56;108932.98;97818.65;65506.52;5050.4507;919.323;221.02388;68.801735;1.0
1 (98).jpg;278630.66;288782.66;286889.8;286982.94;286016.3;284644.8;284774.2;282954.5;282081.38;279956.22;279956.22;282081.38;282954.5;284774.2;284644.8;286016.3;286982.94;286889.8;288782.66;278630.66;789956.56;89904.445;84382.32;70724.8;5013.5674;1290.6348;223.72559;68.30643;1.0
