DY
70
28
att1;att2;att3;att4;att5;att6;att7;att8;att9;att10;att11;att12;att13;att14;att15;att16;att17;att18;att19;att20;att21;att22;att23;att24;att25;att26;att27;att28
D103_01.bmp;20074.9;3434.317;-6558.4106;-11205.467;-10774.892;-7963.4893;-5636.7554;-5651.4653;-4410.0176;-3787.8057;-3787.8057;-4410.0176;-5651.4653;-5636.7554;-7963.4893;-10774.892;-11205.467;-6558.4106;3434.317;20074.9;37272.195;19946.21;33975.195;22757.13;5675.9644;1529.6758;106.2128;89.864136;0.0
D103_02.bmp;19510.809;1924.6635;-8896.905;-13750.902;-13266.077;-9980.182;-6289.4355;-4437.8633;-1172.8527;1495.2338;1495.2338;-1172.8527;-4437.8633;-6289.4355;-9980.182;-13266.077;-13750.902;-8896.905;1924.6635;19510.809;36045.965;19312.38;23948.594;17518.576;5589.756;1454.8372;104.75795;88.234436;0.0
D103_03.bmp;20135.355;3776.5073;-5149.172;-9085.433;-9861.675;-9710.045;-9179.694;-8645.311;-5532.006;-2673.235;-2673.235;-5532.006;-8645.311;-9179.694;-9710.045;-9861.675;-9085.433;-5149.172;3776.5073;20135.355;42206.887;22046.467;32317.404;21814.254;5890.0063;1569.2128;108.48675;90.71263;0.0
D103_04.bmp;19221.172;1796.5151;-7646.6836;-11471.749;-11718.817;-11105.11;-9986.744;-7947.602;-2717.0962;2156.748;2156.748;-2717.0962;-7947.602;-9986.744;-11105.11;-11718.817;-11471.749;-7646.6836;1796.5151;19221.172;37883.535;24395.266;29868.084;20884.88;5710.6924;1568.9926;106.52845;88.58924;0.0
D103_05.bmp;20060.396;3184.0332;-7899.547;-13278.1;-12965.315;-9421.797;-5771.361;-4907.4937;-3042.962;-1346.9901;-1346.9901;-3042.962;-4907.4937;-5771.361;-9421.797;-12965.315;-13278.1;-7899.547;3184.0332;20060.396;41401.09;21944.48;34881.977;20961.918;5703.866;1622.3665;111.57783;90.652435;0.0
D103_06.bmp;20390.732;3772.0872;-7085.943;-12817.174;-13516.06;-10060.552;-6305.45;-4921.917;-3212.0457;-1797.0543;-1797.0543;-3212.0457;-4921.917;-6305.45;-10060.552;-13516.06;-12817.174;-7085.943;3772.0872;20390.732;37268.19;26646.197;32994.21;21328.693;5868.7725;1567.6919;108.345;90.492836;0.0
D103_07.bmp;19715.822;2645.7815;-8780.344;-15147.429;-15272.575;-10968.805;-5775.6216;-2770.2112;383.18967;2104.9514;2104.9514;383.18967;-2770.2112;-5775.6216;-10968.805;-15272.575;-15147.429;-8780.344;2645.7815;19715.822;40130.92;22385.75;33349.09;23925.209;5898.838;1541.8353;110.60415;89.816154;0.0
D103_08.bmp;19663.803;3079.6184;-6133.969;-9789.405;-9250.081;-7678.5835;-6740.488;-7710.6646;-6601.853;-5210.4937;-5210.4937;-6601.853;-7710.6646;-6740.488;-7678.5835;-9250.081;-9789.405;-6133.969;3079.6184;19663.803;35475.797;23642.75;32748.012;20714.582;5791.892;1493.0079;101.098;88.12409;0.0
D103_09.bmp;19893.842;2652.038;-6808.664;-10625.671;-11179.785;-10524.096;-9634.322;-8227.972;-3888.7615;77.921165;77.921165;-3888.7615;-8227.972;-9634.322;-10524.096;-11179.785;-10625.671;-6808.664;2652.038;19893.842;41294.254;24814.19;39588.062;22179.906;5847.905;1588.3932;107.47795;89.76028;0.0
D103_10.bmp;20043.123;3134.1584;-7311.435;-12503.992;-12306.324;-9282.78;-6237.608;-5397.7886;-3411.6848;-1930.4323;-1930.4323;-3411.6848;-5397.7886;-6237.608;-9282.78;-12306.324;-12503.992;-7311.435;3134.1584;20043.123;39198.176;19959.404;27343.252;21299.838;5613.87;1555.831;106.997826;89.77067;0.0
D104_01.bmp;19651.826;1186.9775;-10458.608;-15605.404;-13623.062;-7137.9043;-1166.2412;553.48773;743.4822;-419.9709;-419.9709;743.4822;553.48773;-1166.2412;-7137.9043;-13623.062;-15605.404;-10458.608;1186.9775;19651.826;45351.375;23589.168;35880.332;22916.684;5689.7017;1514.5321;129.7722;91.073746;1.0
D104_02.bmp;17587.664;-3509.5457;-15903.4795;-19484.05;-14319.236;-3799.8271;4933.083;7302.2637;6656.525;3897.9697;3897.9697;6656.525;7302.2637;4933.083;-3799.8271;-14319.236;-19484.05;-15903.4795;-3509.5457;17587.664;40999.945;19416.818;31303.723;23791.684;5657.7383;1494.084;132.69795;87.514626;1.0
D104_03.bmp;18412.537;-2208.829;-14032.21;-16473.617;-11074.703;-3120.235;1990.3888;1771.5734;486.61163;-713.1331;-713.1331;486.61163;1771.5734;1990.3888;-3120.235;-11074.703;-16473.617;-14032.21;-2208.829;18412.537;42006.645;20495.877;29598.484;21130.398;5442.8604;1407.1495;130.6422;88.97999;1.0
D104_04.bmp;16419.23;-5683.7686;-17022.277;-17806.701;-10018.37;44.3545;5788.428;4973.3667;3181.0002;1234.8279;1234.8279;3181.0002;4973.3667;5788.428;44.3545;-10018.37;-17806.701;-17022.277;-5683.7686;16419.23;40787.836;19876.162;29642.145;20835.738;5219.615;1387.3966;132.45415;86.06261;1.0
D104_05.bmp;19958.28;1495.7552;-10270.691;-16182.82;-15049.134;-7935.515;-832.5483;1715.0079;2522.665;589.85724;589.85724;2522.665;1715.0079;-832.5483;-7935.515;-15049.134;-16182.82;-10270.691;1495.7552;19958.28;42353.11;21423.629;35227.324;20882.775;5896.122;1513.5415;133.27628;91.239555;1.0
D104_06.bmp;19928.844;1511.0176;-10777.311;-17111.416;-16103.968;-9031.802;-1059.9747;2504.1729;3625.6333;2212.3398;2212.3398;3625.6333;2504.1729;-1059.9747;-9031.802;-16103.968;-17111.416;-10777.311;1511.0176;19928.844;43819.78;28761.785;34129.94;23445.63;5795.5596;1518.3453;129.41977;91.23558;1.0
D104_07.bmp;19386.18;201.06209;-12468.166;-18454.213;-16726.123;-8720.151;-547.62384;3346.7341;4933.2363;3997.886;3997.886;4933.2363;3346.7341;-547.62384;-8720.151;-16726.123;-18454.213;-12468.166;201.06209;19386.18;42394.01;23199.441;34665.863;23770.578;5737.763;1551.5923;127.35325;90.26338;1.0
D104_08.bmp;19020.88;-29.825468;-11582.023;-15990.044;-12883.37;-5774.482;-136.05801;1095.4745;1059.0028;-31.19622;-31.19622;1059.0028;1095.4745;-136.05801;-5774.482;-12883.37;-15990.044;-11582.023;-29.825468;19020.88;40644.16;22878.332;37695.746;23219.42;5720.724;1543.9902;128.46103;90.19053;1.0
D104_09.bmp;17986.092;-2131.48;-14439.184;-18604.076;-14641.774;-5300.3813;2740.52;5359.4546;5680.0176;3734.3777;3734.3777;5680.0176;5359.4546;2740.52;-5300.3813;-14641.774;-18604.076;-14439.184;-2131.48;17986.092;39780.883;23862.43;35885.395;20910.123;5579.238;1425.066;136.31367;88.038666;1.0
D104_10.bmp;20040.516;2187.5847;-9324.268;-14976.255;-13948.417;-7969.1235;-1730.8241;166.7727;573.01447;-816.42487;-816.42487;573.01447;166.7727;-1730.8241;-7969.1235;-13948.417;-14976.255;-9324.268;2187.5847;20040.516;42270.38;23279.5;35588.055;22534.51;5898.826;1523.9242;128.34067;91.75524;1.0
D11_01.bmp;-12570.446;-5855.7354;-751.1964;434.07443;-1531.2036;-1347.0679;1379.3187;-348.4969;1280.4427;-1606.4453;-1606.4453;1280.4427;-348.4969;1379.3187;-1347.0679;-1531.2036;434.07443;-751.1964;-5855.7354;-12570.446;44673.957;17832.41;14083.921;8808.756;3900.5664;1671.1094;118.43952;54.96997;2.0
D11_02.bmp;-13928.943;-5496.106;-1549.4923;828.7338;-692.6735;-1242.1123;1931.3113;-235.34436;1439.6034;-1987.4099;-1987.4099;1439.6034;-235.34436;1931.3113;-1242.1123;-692.6735;828.7338;-1549.4923;-5496.106;-13928.943;43692.895;15122.765;12130.816;10234.754;3874.1758;1603.3862;122.93585;53.603256;2.0
D11_03.bmp;-13772.196;-4976.5947;-1323.0026;-718.75977;-965.63556;-354.39886;1802.1846;-264.3962;1424.0375;-1967.5942;-1967.5942;1424.0375;-264.3962;1802.1846;-354.39886;-965.63556;-718.75977;-1323.0026;-4976.5947;-13772.196;39685.45;15104.917;12239.249;8729.724;3519.2312;1402.6891;109.30183;50.8552;2.0
D11_04.bmp;-14103.163;-5174.8623;-1084.7411;-633.73486;-1002.8453;15.890791;1851.7458;-272.99698;1323.1477;-1699.743;-1699.743;1323.1477;-272.99698;1851.7458;15.890791;-1002.8453;-633.73486;-1084.7411;-5174.8623;-14103.163;42281.277;17111.436;10882.92;8498.715;3360.5579;1386.114;107.10635;49.42515;2.0
D11_05.bmp;-9875.366;-5848.5522;-2529.4167;-1008.1061;-2017.5074;-1508.7043;1865.204;75.22119;1641.8909;-1155.9673;-1155.9673;1641.8909;75.22119;1865.204;-1508.7043;-2017.5074;-1008.1061;-2529.4167;-5848.5522;-9875.366;40269.312;22620.633;13953.736;9449.624;3844.3286;1756.5375;113.804726;57.542442;2.0
D11_06.bmp;-9579.962;-6306.5747;-3071.9053;-1379.1117;-1779.4913;-1173.516;2010.8988;583.535;1482.8779;-1083.7495;-1083.7495;1482.8779;583.535;2010.8988;-1173.516;-1779.4913;-1379.1117;-3071.9053;-6306.5747;-9579.962;43426.6;19671.914;15742.676;8959.199;3881.4836;1716.9025;115.580376;58.12524;2.0
D11_07.bmp;-9727.296;-6304.793;-3161.63;-1583.3553;-1479.3779;-830.7997;1783.947;517.4976;1807.5896;-1635.3304;-1635.3304;1807.5896;517.4976;1783.947;-830.7997;-1479.3779;-1583.3553;-3161.63;-6304.793;-9727.296;47933.574;18463.16;12194.984;9468.244;3787.124;1723.6598;114.48685;57.66071;2.0
D11_08.bmp;-12626.204;-5260.648;-1407.6196;41.891197;-1272.0374;-1604.4911;1413.0804;-0.6418911;1378.5839;-1826.5809;-1826.5809;1378.5839;-0.6418911;1413.0804;-1604.4911;-1272.0374;41.891197;-1407.6196;-5260.648;-12626.204;45747.207;15420.684;12819.251;9433.42;3873.8994;1659.5159;120.392426;55.278675;2.0
D11_09.bmp;-14015.137;-4754.668;-1164.6256;-309.19925;-1370.6473;-651.18787;1814.8883;29.353355;1421.6313;-1986.3163;-1986.3163;1421.6313;29.353355;1814.8883;-651.18787;-1370.6473;-309.19925;-1164.6256;-4754.668;-14015.137;41367.516;16544.045;12542.308;9043.344;3786.9028;1520.0524;117.46922;52.89575;2.0
D11_10.bmp;-8915.659;-5839.9746;-1686.9125;-1259.7017;-2518.354;-1728.0111;1256.0543;-114.295616;1600.6149;-1013.0168;-1013.0168;1600.6149;-114.295616;1256.0543;-1728.0111;-2518.354;-1259.7017;-1686.9125;-5839.9746;-8915.659;42778.125;13878.746;12200.036;9700.745;3800.384;1726.879;109.03825;57.621693;2.0
D47_01.bmp;-437.8268;-30756.045;1037.19;21273.453;-3896.9597;-15482.725;3279.9958;9723.131;-1144.1985;-4784.047;-4784.047;-1144.1985;9723.131;3279.9958;-15482.725;-3896.9597;21273.453;1037.19;-30756.045;-437.8268;41563.23;16781.533;13397.902;8362.799;1579.5602;670.9343;83.59625;48.06369;3.0
D47_02.bmp;-2353.4514;-32244.08;3970.5942;23679.475;-7435.9795;-15971.79;9260.575;9063.142;-8932.844;-4767.9604;-4767.9604;-8932.844;9063.142;9260.575;-15971.79;-7435.9795;23679.475;3970.5942;-32244.08;-2353.4514;38729.2;16166.99;13550.226;8292.173;1520.0012;651.2512;86.93125;47.73564;3.0
D47_03.bmp;9999.727;-24675.404;-24642.56;3212.8787;20864.402;10699.74;-6981.296;-11814.496;-3191.2214;3594.7424;3594.7424;-3191.2214;-11814.496;-6981.296;10699.74;20864.402;3212.8787;-24642.56;-24675.404;9999.727;46771.902;19906.27;14241.34;10517.892;1434.6149;587.60376;68.00055;47.05114;3.0
D47_04.bmp;-64.8055;-32123.39;-5267.8354;23441.701;6670.311;-14417.375;-5346.6553;6623.6187;3409.7349;-1708.0737;-1708.0737;3409.7349;6623.6187;-5346.6553;-14417.375;6670.311;23441.701;-5267.8354;-32123.39;-64.8055;49815.62;16566.4;11458.555;7937.8906;1343.2827;604.4957;82.527725;46.635456;3.0
D47_05.bmp;1478.4523;-31609.928;-4283.0005;23818.045;2945.8474;-18956.748;-2997.692;13818.326;3863.6604;-8529.453;-8529.453;3863.6604;13818.326;-2997.692;-18956.748;2945.8474;23818.045;-4283.0005;-31609.928;1478.4523;43755.26;19415.99;13002.778;8017.504;1423.6326;611.3995;79.78752;46.804317;3.0
D47_06.bmp;-426.33276;-32294.85;-325.12045;24798.043;-2188.8948;-19715.367;3349.2104;14676.363;-2807.1956;-9832.949;-9832.949;-2807.1956;14676.363;3349.2104;-19715.367;-2188.8948;24798.043;-325.12045;-32294.85;-426.33276;40075.39;17922.498;10278.804;8529.764;1461.1493;596.9537;83.68925;47.60419;3.0
D47_07.bmp;537.44476;-32681.074;-4027.2769;25494.28;4133.7666;-19405.316;-3391.9695;13235.693;2371.335;-9274.763;-9274.763;2371.335;13235.693;-3391.9695;-19405.316;4133.7666;25494.28;-4027.2769;-32681.074;537.44476;42880.707;14860.566;10925.161;8249.711;1458.6882;617.48;82.66833;47.783386;3.0
D47_08.bmp;-1628.4055;-31107.117;2632.6099;22044.15;-5082.8;-15659.667;5337.0713;10608.621;-4107.5835;-7433.555;-7433.555;-4107.5835;10608.621;5337.0713;-15659.667;-5082.8;22044.15;2632.6099;-31107.117;-1628.4055;38219.1;16034.076;12781.169;8079.936;1512.7563;651.3051;85.89245;48.258644;3.0
D47_09.bmp;3987.398;-29701.525;-14622.142;17719.363;15876.291;-7430.1777;-12292.801;1512.2848;8065.922;454.64145;454.64145;8065.922;1512.2848;-12292.801;-7430.1777;15876.291;17719.363;-14622.142;-29701.525;3987.398;37631.273;15471.723;11755.3545;8957.191;1462.3875;629.62897;77.20965;47.648952;3.0
D47_10.bmp;404.9645;-31487.822;-1481.7253;23908.52;-970.92975;-19304.713;1434.1149;13807.388;-734.6079;-8786.967;-8786.967;-734.6079;13807.388;1434.1149;-19304.713;-970.92975;23908.52;-1481.7253;-31487.822;404.9645;36536.035;18616.287;13558.667;8667.097;1637.4537;667.99115;82.099;47.62763;3.0
D48_01.bmp;-1558.5616;-5511.8184;-5546.677;-12284.005;-7567.4033;3629.3958;8772.761;5311.52;3377.894;-2246.1794;-2246.1794;3377.894;5311.52;8772.761;3629.3958;-7567.4033;-12284.005;-5546.677;-5511.8184;-1558.5616;47748.523;2023.6863;1511.8953;1209.7341;603.15234;436.94833;162.87434;59.44165;4.0
D48_02.bmp;192.45746;-14355.447;-11317.328;-6594.4556;2175.8418;9139.473;8717.839;271.62073;-5826.2275;-6069.2334;-6069.2334;-5826.2275;271.62073;8717.839;9139.473;2175.8418;-6594.4556;-11317.328;-14355.447;192.45746;52154.18;3036.8674;1749.4575;1242.4967;555.93976;393.18524;159.31972;60.89733;4.0
D48_03.bmp;-3596.316;-13781.216;-3087.3838;-2967.8943;-6692.3096;2325.1006;11303.991;4386.3936;-2586.22;-3740.7888;-3740.7888;-2586.22;4386.3936;11303.991;2325.1006;-6692.3096;-2967.8943;-3087.3838;-13781.216;-3596.316;49657.473;1834.4614;1148.358;933.185;477.88416;358.5805;143.19785;63.049427;4.0
D48_04.bmp;-2464.6917;-13230.261;-7894.626;-3627.1467;326.63226;4630.082;6497.929;1366.7697;-2651.0527;-4081.2988;-4081.2988;-2651.0527;1366.7697;6497.929;4630.082;326.63226;-3627.1467;-7894.626;-13230.261;-2464.6917;50972.06;3026.6653;1714.18;1225.0632;523.83704;362.62662;155.00157;60.24525;4.0
D48_05.bmp;-1287.9723;-14573.901;-5583.9453;-3669.0598;-5409.982;3260.8262;11458.792;2903.847;-3656.5637;-2509.551;-2509.551;-3656.5637;2903.847;11458.792;3260.8262;-5409.982;-3669.0598;-5583.9453;-14573.901;-1287.9723;55217.535;1424.9341;1081.7396;865.31433;482.04474;376.47058;148.87383;63.858128;4.0
D48_06.bmp;-734.2518;-19647.094;-9427.158;2707.2031;4704.3594;4021.2205;3824.5698;-2209.9617;-4673.177;-1411.965;-1411.965;-4673.177;-2209.9617;3824.5698;4021.2205;4704.3594;2707.2031;-9427.158;-19647.094;-734.2518;56002.89;2448.0488;1269.5776;944.1085;489.6239;369.26917;139.34978;65.56387;4.0
D48_07.bmp;-1308.2727;-20044.648;-9311.249;5782.3315;10563.846;4401.8823;-3420.9648;-7279.8057;-2742.6597;2342.7334;2342.7334;-2742.6597;-7279.8057;-3420.9648;4401.8823;10563.846;5782.3315;-9311.249;-20044.648;-1308.2727;54492.71;6068.301;3036.6008;1718.8291;611.58813;368.85593;134.54895;65.744644;4.0
D48_08.bmp;-1995.3187;-12188.461;-7637.442;-6447.358;-3626.1624;6150.14;11860.26;3068.5833;-3762.6091;-5567.85;-5567.85;-3762.6091;3068.5833;11860.26;6150.14;-3626.1624;-6447.358;-7637.442;-12188.461;-1995.3187;49617.965;2133.6655;1371.4546;1088.8723;542.4999;386.99487;152.34007;62.11619;4.0
D48_09.bmp;-1080.4886;-17175.604;-7008.199;486.77438;-248.5344;1102.0708;5452.441;2891.1697;-994.3278;-2872.311;-2872.311;-994.3278;2891.1697;5452.441;1102.0708;-248.5344;486.77438;-7008.199;-17175.604;-1080.4886;54177.516;2189.834;1248.7543;967.18677;473.25278;354.2215;141.87958;65.374054;4.0
D48_10.bmp;-2842.7302;-6225.6343;-4979.155;-10086.254;-6266.9697;2762.6167;7817.803;4318.888;2118.437;-2000.6254;-2000.6254;2118.437;4318.888;7817.803;2762.6167;-6266.9697;-10086.254;-4979.155;-6225.6343;-2842.7302;48724.656;3179.756;1870.6569;1289.7576;632.6;442.00757;159.9319;59.3276;4.0
D49_01.bmp;13752.768;-6314.9585;-14574.041;-16616.998;-11874.88;-1433.0448;6700.071;8338.0625;6542.0903;1729.0546;1729.0546;6542.0903;8338.0625;6700.071;-1433.0448;-11874.88;-16616.998;-14574.041;-6314.9585;13752.768;31483.164;5112.177;5744.3086;4875.3267;2629.8015;608.14874;158.33417;78.03423;5.0
D49_02.bmp;9537.492;-14499.534;-18426.637;-7284.242;5833.2554;9341.693;2839.3586;-7275.614;-8202.7;-1755.846;-1755.846;-8202.7;-7275.614;2839.3586;9341.693;5833.2554;-7284.242;-18426.637;-14499.534;9537.492;28340.752;5459.1064;5057.1865;4039.3943;2311.4573;566.7353;145.33252;76.120995;5.0
D49_03.bmp;13031.549;-7330.274;-14913.154;-14428.796;-8705.974;115.164314;5968.9106;5838.551;3526.144;-771.7079;-771.7079;3526.144;5838.551;5968.9106;115.164314;-8705.974;-14428.796;-14913.154;-7330.274;13031.549;28733.434;5829.0713;5735.4766;5065.6753;2922.9985;633.72736;148.6773;80.303825;5.0
D49_04.bmp;7601.94;-14093.364;-11628.833;2158.2024;8072.091;3036.7444;-6044.4194;-10782.798;-5793.8755;1071.6161;1071.6161;-5793.8755;-10782.798;-6044.4194;3036.7444;8072.091;2158.2024;-11628.833;-14093.364;7601.94;25826.875;5309.0063;4730.989;3579.9055;1991.2266;556.53046;133.85657;77.02389;5.0
D49_05.bmp;13264.077;-6875.7373;-15813.017;-15865.33;-8421.819;727.4701;6914.8315;6036.788;2674.6704;-1481.6274;-1481.6274;2674.6704;6036.788;6914.8315;727.4701;-8421.819;-15865.33;-15813.017;-6875.7373;13264.077;27518.188;5455.5957;4874.6577;3423.2295;2158.9282;569.17426;150.8492;79.927155;5.0
D49_06.bmp;11118.11;-10074.255;-13739.531;-7927.2407;-184.38457;3940.3645;3348.5393;-3592.0552;-5845.7236;-5137.2485;-5137.2485;-5845.7236;-3592.0552;3348.5393;3940.3645;-184.38457;-7927.2407;-13739.531;-10074.255;11118.11;26962.684;4980.521;3789.9387;4003.7886;2396.7708;604.6136;134.5548;80.72706;5.0
D49_07.bmp;9944.183;-11402.501;-12821.477;-3336.5435;5671.375;6676.7617;-1154.3662;-9640.867;-8678.341;-2774.9878;-2774.9878;-8678.341;-9640.867;-1154.3662;6676.7617;5671.375;-3336.5435;-12821.477;-11402.501;9944.183;27251.74;5417.5703;4477.298;3912.4138;2417.873;647.069;134.83195;79.69765;5.0
D49_08.bmp;11167.6045;-9711.876;-15734.939;-12432.158;-3234.06;5912.7803;7742.2305;1685.6061;-3475.9526;-6290.516;-6290.516;-3475.9526;1685.6061;7742.2305;5912.7803;-3234.06;-12432.158;-15734.939;-9711.876;11167.6045;29207.27;4446.3003;4206.365;3589.8618;2493.1646;617.76215;145.31555;78.83932;5.0
D49_09.bmp;9873.719;-10482.498;-12548.048;-6027.2935;1058.7933;3849.577;1526.7533;-4635.8906;-6394.9355;-4539.168;-4539.168;-6394.9355;-4635.8906;1526.7533;3849.577;1058.7933;-6027.2935;-12548.048;-10482.498;9873.719;27432.17;4489.3555;4303.537;4530.905;2374.741;591.96106;134.17744;79.624825;5.0
D49_10.bmp;13298.106;-7728.104;-15922.371;-15543.829;-9146.957;1298.6216;8224.864;6833.4404;3241.4873;-1301.4636;-1301.4636;3241.4873;6833.4404;8224.864;1298.6216;-9146.957;-15543.829;-15922.371;-7728.104;13298.106;30376.799;6066.3213;6160.921;4151.13;2891.639;609.63135;153.85855;78.83643;5.0
D87_01.bmp;7292.699;-8074.0625;-9825.888;-7109.712;-5121.8;-3347.7092;-1434.4037;-1777.3916;672.8746;2321.022;2321.022;672.8746;-1777.3916;-1434.4037;-3347.7092;-5121.8;-7109.712;-9825.888;-8074.0625;7292.699;58485.66;44736.22;32162.123;21680.34;4313.618;1119.1276;116.42075;76.84686;6.0
D87_02.bmp;10521.414;-3581.443;-6711.3545;-6197.1963;-5796.838;-5668.055;-4047.3486;-4580.178;-2495.0408;-1245.7795;-1245.7795;-2495.0408;-4580.178;-4047.3486;-5668.055;-5796.838;-6197.1963;-6711.3545;-3581.443;10521.414;61591.69;43823.848;33655.543;21323.02;4489.75;1308.5702;115.73295;81.45225;6.0
D87_03.bmp;10637.544;-4457.4233;-5406.9453;-2863.9268;-4333.9277;-8407.162;-9275.151;-8385.612;-3752.7832;-290.44974;-290.44974;-3752.7832;-8385.612;-9275.151;-8407.162;-4333.9277;-2863.9268;-5406.9453;-4457.4233;10637.544;52902.93;47223.22;33649.152;20689.252;4191.837;1156.889;101.13385;77.98903;6.0
D87_04.bmp;9928.792;-2559.6387;-1932.1847;354.46994;-3118.4666;-8281.195;-9420.08;-9610.929;-6710.0933;-4712.041;-4712.041;-6710.0933;-9610.929;-9420.08;-8281.195;-3118.4666;354.46994;-1932.1847;-2559.6387;9928.792;58717.957;44354.336;31399.39;19760.766;4104.055;1231.4075;98.46785;77.3003;6.0
D87_05.bmp;10198.062;-5091.491;-8925.275;-8160.528;-7425.9814;-6563.1646;-4976.7466;-4446.599;-456.9124;3076.3643;3076.3643;-456.9124;-4446.599;-4976.7466;-6563.1646;-7425.9814;-8160.528;-8925.275;-5091.491;10198.062;56362.758;46580.996;31842.172;22790.393;4658.476;1292.0656;110.3539;79.369026;6.0
D87_06.bmp;10024.436;-4016.2043;-7449.6987;-7915.7393;-8217.132;-7519.888;-5287.8237;-4529.938;-886.7962;2174.5017;2174.5017;-886.7962;-4529.938;-5287.8237;-7519.888;-8217.132;-7915.7393;-7449.6987;-4016.2043;10024.436;55801.703;51065.53;32387.607;21394.633;4757.774;1419.7012;106.0005;78.48022;6.0
D87_07.bmp;6684.604;-5170.937;-7043.349;-6989.488;-7832.1606;-7702.992;-4452.9883;-2806.2;1956.5101;4280.0674;4280.0674;1956.5101;-2806.2;-4452.9883;-7702.992;-7832.1606;-6989.488;-7043.349;-5170.937;6684.604;48398.395;46122.246;30521.09;19529.125;4526.23;1462.0842;107.60625;75.20613;6.0
D87_08.bmp;9087.552;-6471.4077;-8301.095;-4841.9385;-2484.6675;-2680.0278;-3283.7717;-5509.2417;-4184.3877;-2625.4287;-2625.4287;-4184.3877;-5509.2417;-3283.7717;-2680.0278;-2484.6675;-4841.9385;-8301.095;-6471.4077;9087.552;58378.26;48603.797;31852.607;22246.992;4539.7046;1350.5933;119.6563;79.83333;6.0
D87_09.bmp;8577.005;-5722.222;-5504.385;-3085.8433;-4868.715;-8450.57;-8243.432;-6773.877;-1764.8442;2006.7576;2006.7576;-1764.8442;-6773.877;-8243.432;-8450.57;-4868.715;-3085.8433;-5504.385;-5722.222;8577.005;53833.28;45215.336;32688.98;22474.516;4251.7983;1213.8232;102.409;75.902756;6.0
D87_10.bmp;9632.698;-6117.08;-9449.343;-7775.1787;-6254.8643;-5204.3276;-3951.0796;-4164.1055;-837.4979;2217.1826;2217.1826;-837.4979;-4164.1055;-3951.0796;-5204.3276;-6254.8643;-7775.1787;-9449.343;-6117.08;9632.698;59487.293;44596.13;33385.066;22766.943;4453.731;1187.1627;114.48467;79.37519;6.0
