DY
70
16
gabor1;gabor2;gabor3;gabor4;gabor5;gabor6;gabor7;gabor8;gabor9;gabor10;gabor11;gabor12;gabor13;gabor14;gabor15;gabor16;
D103_01.bmp;10052096.791973;8534646.648819;8077071.147731;8567281.463619;14012584.975221;7567347.543576;13243322.871562;10045212.407494;35582494.139915;17727466.020332;38389239.768116;23902439.922878;25435611.435579;18023681.735782;30828402.026733;23587498.370492;0
D103_02.bmp;10627512.110782;10089249.164938;5983032.247032;7193647.438134;14119759.663897;7453673.278972;10659443.561026;8375593.635872;39757645.946413;19067392.882684;37171855.051303;19343509.475105;26394638.437406;19073106.449449;30382011.480117;21090461.584597;0
D103_03.bmp;12157840.470355;5736041.158689;8000774.592330;9127038.652482;15001713.805822;8818345.157229;13350277.376884;9658302.813843;39052541.434645;23568268.904322;45206397.892995;25782821.598122;26451732.200830;21513931.485636;32226200.079138;23909278.010793;0
D103_04.bmp;10276930.523403;6841576.156352;9244002.849889;8086776.285608;15305339.296480;9272527.236450;12462991.489705;9065111.993911;43533832.567874;23672047.784667;42777519.615391;20997117.170003;26716493.250895;22023162.061822;32011376.056390;21114744.446498;0
D103_05.bmp;8234434.570877;7063788.501588;8287555.219716;7551969.295590;11620676.617606;9275018.026175;14283890.915286;10293871.426283;37685701.604343;21142745.350649;43336707.097935;24407873.251857;25870966.663845;20583820.636747;31317678.167759;22948344.250695;0
D103_06.bmp;7861106.006506;5329469.229058;6786905.458408;5458522.701579;13284677.157775;8627245.112414;12801150.820835;8882460.134139;42644547.258314;23585730.395153;44748845.421283;25534895.824578;27295568.673912;21866357.227324;32646523.771958;23195112.987353;0
D103_07.bmp;10436447.689400;10525609.058480;5024530.565607;8028430.827148;15419499.472629;9803005.787383;11892594.491159;8310485.456343;40197979.616991;23429322.657701;46325473.481779;21612160.077813;27490735.074338;23544216.037062;31707491.656744;20917787.972260;0
D103_08.bmp;13323996.374640;9295414.744970;6034793.754716;8721807.593253;13330436.901391;7910000.096468;11077480.218657;9516461.647732;39551539.750588;18538086.176245;38820901.840918;23285890.027098;27213941.273835;18957057.365267;31966139.027579;23600484.487917;0
D103_09.bmp;6508132.803813;7051138.473869;9601116.001526;9736483.001580;14250845.227068;11088795.923642;15722281.346004;10573032.789827;45753345.490427;23236225.895467;43031267.153908;27359022.566388;27151438.501794;21187100.706577;32534992.752931;23701141.017409;0
D103_10.bmp;7929134.082007;6773622.620016;5830813.159874;7535577.727752;14908277.165223;8184557.589997;12410190.407773;11705045.679483;34919394.644109;18790553.831579;40054654.797295;24188438.057880;25666027.942078;18250821.002944;30955672.972740;24120528.926934;0
D104_01.bmp;10553237.241554;6902213.316097;7729176.081717;6583945.645164;16955735.589705;9895118.408131;11581671.784998;9558201.257661;41316532.593162;25708801.083403;45080748.692748;22800834.539484;26831124.263947;22271203.579295;31226638.565598;20923535.211490;1
D104_02.bmp;9251303.159549;6888018.147916;5100960.791688;7206362.227776;13867998.461713;7716578.950469;10880135.125785;8268070.595087;37697214.843003;22616490.032800;43403502.523462;24300516.392133;26427913.285130;20343573.424054;30339980.920901;23657234.190056;1
D104_03.bmp;8289429.915903;9203196.119921;7125961.477213;8420062.047223;15728334.095340;8505278.639532;9848603.949421;7699521.145590;40245996.427784;22569365.721634;41792624.121692;20900420.029145;26340944.422565;20632638.340891;30053899.964409;20333320.336361;1
D104_04.bmp;6933780.212055;6491802.041697;4605528.250217;8008201.750787;12839819.986275;7324002.559537;11602103.994038;9216524.075375;35790689.695983;18114701.550923;39706200.760666;22795000.430100;24606248.866356;16659945.334476;28074651.146334;22737853.114466;1
D104_05.bmp;6845476.001153;9365621.325764;8085564.691769;6653481.280575;13684799.010757;8729097.205911;13651116.313392;8546718.919090;43244722.676129;22979298.423246;44331266.449854;22928697.578383;28312521.947596;22325564.242226;31090639.905774;21897437.934539;1
D104_06.bmp;5135487.857118;6938652.137034;10211997.352375;7243193.539862;16150056.961560;10337054.803753;13579696.742124;8787570.271053;45574692.301366;24429559.385344;44808761.506975;26873193.086519;27760809.287885;21976547.804631;30992584.440785;23387829.568490;1
D104_07.bmp;6389048.653936;8417237.064800;6023256.828278;7895802.349509;12846536.915621;7970225.019231;13057337.264352;9845921.839831;41072871.679487;22967906.228426;44417727.152194;25687653.826650;26359722.756750;20040125.401377;30909898.607163;23861055.020591;1
D104_08.bmp;5812893.062702;8787769.461210;9396059.025904;7666340.574842;13003294.808451;9652972.952853;13899448.104329;8255750.255622;40382988.910893;25018957.960652;46305701.829465;22598558.694904;26978167.773275;22681745.806065;30436921.191254;21460443.532940;1
D104_09.bmp;7351888.629825;6977426.601663;6064572.329151;8126952.137436;10615458.635278;7678532.446312;11933303.086432;8401607.683495;39351899.027825;24050243.123383;44833108.461417;22605405.566484;26436837.812417;21154374.506936;30618699.626984;21458526.300895;1
D104_10.bmp;9957908.550149;6767436.347056;8772726.756089;6897854.410026;15251561.947634;9497870.383145;13290256.050653;8960283.316381;42969058.633897;26256728.769957;45482925.736811;22660329.605924;27129461.959260;22817017.500341;31951751.925446;21496039.881818;1
D11_01.bmp;25188833.847474;7594063.556377;8420656.614739;5722723.241379;13297189.824381;9058751.115991;9627181.929374;9453790.849648;17041655.377936;19440907.714547;14875909.309963;17371323.006374;18369916.717797;14009367.269532;15182948.566666;18383201.380328;2
D11_02.bmp;25402943.830701;4135636.916209;3462113.378555;6387736.625749;12880010.064591;8042765.985793;8513934.822479;8697428.920670;16741347.670333;16921919.536350;14209517.110682;17424287.959208;17907916.809958;13586651.840847;14856359.733139;18729117.146906;2
D11_03.bmp;23495361.779360;5846364.586282;4375042.500003;4823070.891950;12623043.631670;8277518.176067;8408535.394067;8706750.822363;16780564.814502;18439083.896088;13716997.732541;15492099.000988;16476664.957698;12720305.312259;14219400.903705;16503912.142609;2
D11_04.bmp;24277737.964200;4580202.042842;2925928.433312;4405623.867975;12740936.779739;8362473.815180;7451589.787201;7295033.541066;14808665.010902;14398226.088114;13462596.068974;15665018.631841;15363496.236830;11852484.521964;13449922.658884;16300766.317212;2
D11_05.bmp;27478062.922868;5314920.725734;4168191.837849;5987625.661680;15199881.081521;8096250.066076;7631693.536007;8803883.806038;17556850.586491;19867934.703350;14325849.146786;15757002.469924;17817175.105032;14109158.296816;15400870.509946;18120413.580999;2
D11_06.bmp;30033604.092591;5810853.789658;5137464.871717;6725085.643444;15636736.908038;9241782.724005;7428490.677585;8414633.552034;17622065.383846;19406692.446936;14417295.304159;16630459.196090;18133775.128510;14162384.821551;15252643.837802;18257988.026372;2
D11_07.bmp;29611763.992952;4886249.502058;3156999.300060;5206733.362187;15612977.767260;7745075.659017;7185597.638357;9162925.659772;17022937.831493;15843951.707437;13446085.395275;16511977.426795;17767283.684930;13538328.850907;14740361.852780;18010306.978671;2
D11_08.bmp;28293244.077342;6200395.576502;4035586.916287;7202079.743067;14268349.074085;8956464.094571;8633284.928988;9378349.579109;17421355.229905;18839889.681476;14563029.270605;17033361.831446;18168088.320690;14002231.123416;15274700.025863;18329396.901134;2
D11_09.bmp;26540522.611461;5247083.940198;4644816.018047;5011437.573919;13794850.181189;7718076.130231;7669960.028444;8627569.265304;17395226.002595;17432837.383593;14157459.236305;16939903.744465;18033140.553974;13566619.215025;14728695.201234;17673991.101340;2
D11_10.bmp;25729336.235415;6025369.425865;6204370.869925;4875852.713218;13348233.978845;8137676.684558;7941562.782649;8779376.450698;16769279.883270;17636459.860141;14379649.470491;17435084.958785;17887124.083544;13757029.256744;15462567.168899;18258723.637515;2
D47_01.bmp;6151261.778102;10192956.399960;7935338.919386;7154508.814265;11112262.207067;19252663.158465;14024125.052929;14394436.479689;11397018.424832;19253238.278118;14486600.440621;19098283.137822;5809072.316519;8591163.365890;7185348.493085;8410207.436439;3
D47_02.bmp;6074342.702663;9185696.638053;5944487.880073;8719499.754558;9679622.221108;20571864.071164;13663824.807712;12121420.057549;9702762.649670;18978223.675809;13332384.605894;17059084.011305;5705747.357852;8122589.249171;6849610.130491;8019488.472215;3
D47_03.bmp;6867045.080758;9775357.673837;5663143.157168;7337498.290024;10016436.159417;18374377.780646;13743689.694138;15423342.295433;9281651.268908;20142738.378290;13226277.648207;18384055.753397;5555273.907885;7818475.960458;6563216.525809;7355804.081636;3
D47_04.bmp;7568350.080006;10013357.057961;7418566.522704;11178939.764857;8107836.021928;20064389.906420;12001398.323199;14764270.734309;8232742.178123;16950094.093617;11700522.407158;16642173.959365;4975025.368987;7006455.123572;6324603.470198;7274492.905410;3
D47_05.bmp;4793184.886032;8302874.904267;6429604.659535;7769749.307479;10472868.838262;16843267.031951;14767682.940048;15869064.204264;10053753.199367;18309666.106614;13438184.793286;20504137.706694;5420536.422235;7599575.208994;6388275.018764;8003776.853983;3
D47_06.bmp;3152273.468538;9402251.373767;6211059.663773;7145273.744200;9099904.845561;19604711.631461;13172682.187090;13104637.915802;9967781.815278;19390358.262534;13485322.372869;17963841.742293;5390694.697584;8032873.368296;6860528.619405;7365784.156410;3
D47_07.bmp;5424863.255628;9522388.124735;7070642.831254;8436080.432449;9197731.766576;20857484.527103;14151849.358004;13484398.842923;9705575.114752;18220868.319977;12909297.835480;17850765.426544;5807259.365415;7591068.922352;6619450.589474;7621443.176866;3
D47_08.bmp;6467699.791889;10142006.000906;8026989.242831;7735589.909295;9856227.719672;19483784.537809;12753548.478568;13263317.931986;9909309.490381;18980962.179850;12992762.208563;17562927.491015;5526673.784186;8269902.972565;6656461.143999;7824882.705293;3
D47_09.bmp;5201791.609168;10870439.340893;8070329.677103;9695695.826888;8389950.260063;18168182.127241;12851709.982822;16538772.914421;9551757.177979;18303327.619254;13446520.887376;19738150.485312;5489633.290177;7521178.078614;7062348.740887;7816925.296900;3
D47_10.bmp;5051222.896425;9365965.080065;6349667.568236;7124753.101695;9805024.930148;20875309.228195;14409957.030141;13003930.843211;10961545.482344;20168206.515571;14674762.740543;18463457.549691;5855996.416430;8699570.736318;7866259.812805;8184198.169469;3
D48_01.bmp;25767334.037668;24327225.537310;30182054.618838;20339199.672900;7395943.309620;7010173.773018;7698563.274606;6533767.504711;3350512.200657;2191566.121393;2537086.305435;2118167.746391;2675496.006785;2472911.365522;2470599.961399;2486266.106868;4
D48_02.bmp;26616592.762081;20177511.490977;24509350.201825;24576159.269909;8347611.958765;7280845.304583;14000033.486705;9041925.146731;3201992.072676;2256943.774823;4637585.885033;2461115.420482;2357222.764339;2193288.968109;2771103.952673;2220602.010619;4
D48_03.bmp;31555896.620497;20384300.710805;33106951.495839;22579663.688327;8638621.210286;7501294.063292;8692394.225902;8120058.260041;2514262.565846;1921979.174449;2202523.769619;1861068.349491;2123319.412091;2018215.479949;1916583.498794;1987658.677000;4
D48_04.bmp;26469788.286361;20788028.024138;24125589.161477;19558638.478100;7817616.113631;7907697.749900;14155977.031048;7781472.904352;2754703.803772;2308820.742717;4569212.692414;2266667.232695;2189024.843095;2099287.055463;2684099.162074;2077291.120764;4
D48_05.bmp;31054517.076525;23811149.111227;32158241.843920;21455083.816478;8100853.763267;7871259.390878;9006626.990207;7592709.995943;1908421.651083;1866919.897642;2416244.054691;1732313.653137;1977914.630625;2074699.906406;2104940.177646;1992674.259076;4
D48_06.bmp;32174046.125850;22424192.239708;31145235.404754;21465914.656708;9730978.226074;8354969.031787;9467980.330556;8584217.043040;2551183.070048;2026220.978930;2646115.107293;2052104.683412;2113992.330607;2040658.727987;2066651.680642;2033333.939461;4
D48_07.bmp;31836721.094081;20729282.268514;33467137.028878;21434476.662242;13655962.176948;11979471.527666;13474828.717225;11771246.184418;6487463.992661;4763753.034132;4724057.713266;4331953.094773;3393315.699028;2531412.564076;2629548.084254;2412323.925311;4
D48_08.bmp;29586242.249313;24062941.921363;30361051.361151;21261946.868494;8634778.072630;7516069.650411;8823501.116489;7463686.912166;3593604.624356;2145837.201496;2763223.412978;2150605.275214;2553566.263186;2201220.101153;2238744.304903;2205233.809071;4
D48_09.bmp;33244325.461798;22169260.142889;31010134.347902;21259412.541236;9844430.225778;8218297.001599;8832134.111970;8081609.653805;3166131.920825;2028687.252308;2451106.114113;2114031.928901;2240511.235295;1998833.282570;1982225.366096;1967265.447598;4
D48_10.bmp;24526129.871299;21752071.263427;29858395.018159;18074240.990746;12209011.505273;7715400.317358;8683578.451291;7319819.336485;4532589.952246;2466462.263645;3235521.517128;2517123.018336;3053290.395431;2543347.214515;2638632.070564;2490015.144075;4
D49_01.bmp;2253451.532245;2990067.917408;7893584.741785;1989553.116086;2913472.385841;2275873.900481;8209511.582299;2435923.400030;3493547.468117;3659284.128732;22117611.976584;3863692.754199;3668930.110864;7744244.971530;24888230.733140;8071699.657923;5
D49_02.bmp;3494880.732749;2471431.753969;5843015.725531;3477364.576597;3433571.369430;2458241.313234;8165546.815480;2586637.875991;4394407.782591;3738517.275022;20563230.262428;3730257.755190;3720491.358970;7004528.446635;20839726.403981;7102955.198455;5
D49_03.bmp;2625548.026377;2901724.879151;5435299.852481;2608244.991147;3469171.255435;2534721.011948;8448040.440406;2155883.053630;3626076.555183;3808960.264425;22866856.703822;3925411.186158;3857256.219971;8415288.215086;25781620.360125;8693538.733751;5
D49_04.bmp;2329939.829093;2029600.285421;3892191.333380;1938023.797434;2958980.166163;2237743.183454;8009494.638243;2302849.641057;3825422.438726;3345374.883670;18491187.552188;3369129.228693;3502919.699926;6200790.607141;17800128.741827;6351410.243048;5
D49_05.bmp;4187700.847517;2217640.472796;4641468.799876;2527358.293606;3240615.818385;1969586.526463;6428792.551862;1937898.472869;3545789.491252;3468454.163078;18793957.491314;3400218.447469;3536823.312651;6678441.999682;20087138.189345;6845730.651455;5
D49_06.bmp;3505133.413145;3040838.929326;8144230.322536;2992470.258843;2841446.905787;2539035.522474;9925213.875412;2578783.569196;3239930.756584;3111832.107797;19296924.278924;3251913.042484;3718418.831714;7306098.717371;22151398.898020;7589056.949554;5
D49_07.bmp;3781362.863651;3014627.841742;9668674.827319;2949351.696038;2712677.298448;2507935.417022;8394943.396568;2323872.969143;3876512.563143;3330489.396893;19939571.348329;3316024.073748;3906803.733400;7749659.808085;22393410.484064;7994712.339337;5
D49_08.bmp;3713174.359111;2744347.538036;7487084.970928;2873292.308649;3619054.609957;2575769.786358;10213871.687787;2607699.461474;4051101.243726;3411612.206898;18566746.084323;3425115.979689;3750329.261671;7699315.709357;24077519.464294;8155161.824817;5
D49_09.bmp;4138831.498269;2795815.618767;6630995.272889;2499641.110296;3019814.579014;2136338.340848;9156803.546502;2071850.207848;4173215.184517;3480116.278768;19968612.598785;3430456.403760;4365456.343089;7683411.555766;19949214.355045;7820148.634738;5
D49_10.bmp;1660594.596528;2862291.774661;10164652.598764;2471168.015620;2780367.681582;2343746.326723;8825220.757621;2523002.040150;3425762.469197;3732976.270914;20857745.736294;3723611.447590;3854093.415545;7920857.410487;24560227.891769;8104042.896643;5
D87_01.bmp;10273592.022283;7752809.535966;8576945.397969;8778248.647319;22865170.579507;17003154.498315;17997162.205412;17112887.656880;39198374.273735;33484825.634813;35105101.749794;37576736.102095;22089885.604839;19519909.679469;18189550.341251;18746423.019401;6
D87_02.bmp;11910602.044936;7034500.284861;3940867.095124;14847106.663792;23797758.405702;15809126.742040;14477331.001516;24389579.576823;34750648.233755;33428377.596947;38633900.187497;40473086.858181;21798193.451891;19727911.735575;19275611.832222;20898268.620793;6
D87_03.bmp;10666345.552141;6835647.104356;4679137.443813;5995207.389731;26281003.115944;16356484.853395;17535987.600662;18114002.262397;39020610.860051;35954396.502945;33888056.104867;37695928.672031;21287203.745293;20396188.296231;17997127.434573;18161007.436401;6
D87_04.bmp;15982428.267855;8353361.394784;4566647.264277;5922172.938766;31548083.818329;17890150.556298;13210515.775327;14024648.151102;37114070.903497;33525118.957827;35012827.397557;37356670.720857;19980654.558716;19243004.813425;18073056.280662;18504431.623794;6
D87_05.bmp;6905848.451709;6723249.162796;4110272.037396;7219657.718584;22048834.376695;17529622.986377;17664296.045425;16851686.750611;38333277.530718;35676125.831139;37328386.938818;38015492.567110;22783600.275558;22178413.744504;20239110.036445;19632900.371506;6
D87_06.bmp;7626997.899482;7766624.414518;6697835.915539;6860409.585671;21068934.949566;15559874.087100;15339225.890204;15585102.390661;36459696.702004;35276751.382094;37361057.846828;37449243.212163;22376561.282762;22262978.034251;20874847.208972;20204516.984713;6
D87_07.bmp;7150926.236925;6249415.864222;6942477.343530;6074379.570814;21206413.902103;12424524.139493;14170220.033249;14886180.896511;33529192.462560;34108198.311507;35274232.765565;36261455.545846;21407842.056654;21367801.782455;19258606.660462;19128395.265317;6
D87_08.bmp;18038089.443430;8104794.964244;7419337.722494;8180563.641872;25247355.725214;16923011.254852;14729853.363917;19458503.457838;36621552.213836;33915941.754294;35739702.271875;39151290.663084;22770863.090749;20596511.623214;19403550.967879;20212218.119731;6
D87_09.bmp;7813080.632207;9719703.036860;6489412.626108;6721988.875880;21279781.037345;16892601.628740;16899664.554733;16994925.907389;37678663.717298;32769057.322445;36387626.802284;38048669.632766;20730245.934332;19421259.616315;19395498.597825;19165076.525121;6
D87_10.bmp;15303688.941747;9499852.251411;6877540.052156;8589845.817436;22672815.197952;19374325.781339;17323373.269927;16642016.198204;40015266.858222;34407024.344935;36306074.049609;37545099.865415;22498689.161877;20798852.222565;19172801.065998;18789314.062313;6
